1.074801852807466096e+00
1.052303599434978310e+00
1.042542992957908643e+00
1.045434698894273096e+00
1.060223137965497608e+00
1.085652713775825173e+00
1.120197132630743608e+00
1.162271951289711724e+00
1.210386427461231929e+00
1.263226481439014615e+00
1.319681261741018741e+00
1.378835437782930828e+00
1.439943215724724945e+00
1.502396509841201988e+00
1.565693589462439972e+00
1.629411449272435419e+00
1.693182397690686569e+00
1.756674844428311788e+00
1.819577862043943117e+00
1.881588537729067756e+00
1.942401484168778225e+00
2.001700112798140196e+00
2.059149210713777656e+00
2.114388858974045160e+00
2.167029773547645810e+00
2.216650730809373471e+00
2.262799006973565952e+00
2.304994982498494771e+00
2.342742111396826310e+00
2.375542960734407405e+00
2.402921025087226603e+00
2.424446616245768293e+00
2.439763667458711538e+00
2.448613323509349904e+00
2.450850234769970548e+00
2.446448715452751443e+00
2.435498072057224128e+00
2.418188710411939280e+00
2.394792285958778244e+00
2.365639809183377906e+00
2.331101311706101242e+00
2.291569723251940527e+00
2.247450221929191638e+00
2.199154752984887384e+00
2.147100246595352591e+00
2.091708616380144825e+00
2.033406698780225952e+00
1.972624691884830916e+00
1.909792176863465807e+00
1.845331154468573764e+00
1.779646574218543220e+00
1.713116689284505556e+00
1.646086551864312852e+00
1.578867058950489177e+00
1.511740203102624136e+00
1.444969740868888408e+00
1.378815098274322803e+00
1.313544083365975945e+00
1.249437897651442420e+00
1.186783912378390538e+00
1.125858027793099181e+00
1.066903329657855171e+00
1.010111782744451681e+00
9.556128514972400678e-01
9.034702107080688771e-01
8.536858883411579946e-01
8.062100181891783679e-01
7.609537401859237660e-01
7.178028735655084258e-01
6.766305206814868800e-01
6.373074088036205787e-01
5.997093372525832411e-01
5.637215127359609390e-01
5.292400409525980232e-01
4.961712892246493145e-01
4.644301071410292803e-01
4.339378318277273272e-01
4.046206318152182901e-01
3.764083633787521088e-01
3.492338678054969781e-01
3.230325520629531155e-01
2.977421345100627614e-01
2.733024461290814444e-01
2.496552513521822780e-01
2.267440163901146832e-01
2.045135867699534593e-01
1.829097053154295771e-01
1.618782651731089928e-01
1.413642386302086662e-01
1.213105060328323742e-01
1.016584545022865271e-01
8.235785752900032231e-02
6.339852418667153711e-02
4.482325675698742989e-02
2.663576502485872147e-02
8.771083526216577955e-03
-8.829091856223733256e-03
-2.619668243633077251e-02
-4.334474862313178467e-02
-6.027061503864732106e-02
-7.695980663717406911e-02
-9.339705549226097470e-02
-1.095763116369688761e-01
-1.254986049267161619e-01
-1.411642808669815452e-01
-1.565694587123234449e-01
-1.717067699013937743e-01
-1.865674324383505001e-01
-2.011433100933085749e-01
-2.154287789092251826e-01
-2.294221522388890933e-01
-2.431259145701632207e-01
-2.565433920626619679e-01
-2.696672484857533525e-01
-2.824574078157195967e-01
-2.948268835430578605e-01
-3.066756534072574425e-01
-3.179404724486046829e-01
-3.285902160132593286e-01
-3.386423867137445809e-01
-3.481645045340305833e-01
-3.572242270700937694e-01
-3.658783306283240333e-01
-3.741503790409727026e-01
-3.820158023747762255e-01
-3.894574078849988852e-01
-3.965007972106412426e-01
-4.031694140049389419e-01
-4.094646587733927201e-01
-4.153756836453467161e-01
-4.208951422559802369e-01
-4.260452826510347513e-01
-4.308803915473673474e-01
-4.354491669467328019e-01
-4.397633226995338318e-01
-4.438138455499142654e-01
-4.475959403763264954e-01
-4.510973208278197810e-01
-4.543296042509091248e-01
-4.573458612871759699e-01
-4.602061651742562209e-01
-4.629638573204825081e-01
-4.656595691817603244e-01
-4.683181916851260063e-01
-4.709547278127020342e-01
-4.735856277467254682e-01
-4.762345405121055086e-01
-4.789271046654069441e-01
-4.816802817785001967e-01
-4.844921381707755770e-01
-4.873372923025089953e-01
-4.901733539287722041e-01
-4.929501576819089181e-01
-4.956131623592782143e-01
-4.981200029911839189e-01
-5.004574241586288164e-01
-5.026438390353341612e-01
-5.047176122333701942e-01
-5.067156850008427416e-01
-5.086615616683491936e-01
-5.105626864163734790e-01
-5.124254513712758197e-01
-5.142717969759516006e-01
-5.161340131962300903e-01
-5.180434940195611793e-01
-5.200277571306983759e-01
-5.221101719641869643e-01
-5.243070606481697871e-01
-5.266208018452704920e-01
-5.290284301361225516e-01
-5.314754646913193437e-01
-5.339033290176627977e-01
-5.362985686213586067e-01
-5.386932768994221465e-01
-5.411301130265881998e-01
-5.436445099966099592e-01
-5.462603499825856579e-01
-5.489795865241462458e-01
-5.517660231579968322e-01
-5.545599781905631298e-01
-5.573214796933314563e-01
-5.600170397788445387e-01
-5.625890271839175671e-01
-5.649910447272779024e-01
-5.672303013886379475e-01
-5.693532632351484546e-01
-5.714097169382964525e-01
-5.734390093787704590e-01
-5.754739970583073738e-01
-5.775399009468047407e-01
-5.796473116255949076e-01
-5.817916105241205393e-01
-5.839643892148576043e-01
-5.861649426271928753e-01
-5.883965914145221632e-01
-5.906521052364526181e-01
-5.929088069080333812e-01
-5.951440509129486411e-01
-5.973487258275372858e-01
-5.995244755149468086e-01
-6.016786153908668666e-01
-6.038273246964760421e-01
-6.060037250915386586e-01
-6.082543687608351624e-01
-6.106174011937290924e-01
-6.130986812714986911e-01
-6.156686471026749929e-01
-6.182886999208694334e-01
-6.209381920079294348e-01
-6.236174461665174862e-01
-6.263326903740845664e-01
-6.290704797239622392e-01
-6.317791559665589807e-01
-6.343839252336147538e-01
-6.368285979668590890e-01
-6.390979463351899037e-01
-6.412163564209099054e-01
-6.432176266937860154e-01
-6.450994645957547347e-01
-6.468210884893069723e-01
-6.483567780347814224e-01
-6.497392448902459261e-01
-6.510282001093290472e-01
-6.522530328371740627e-01
-6.534113681718831668e-01
-6.545057191622153381e-01
-6.555389357047608501e-01
-6.565072773770341819e-01
-6.574132716549633271e-01
-6.582750262447122358e-01
-6.591253515283064246e-01
-6.599999911439740075e-01
-6.609217660255910509e-01
-6.618840558487223413e-01
-6.628435484167801706e-01
-6.637556816739462739e-01
-6.646266368016013892e-01
-6.655020221619604159e-01
-6.664223393360731995e-01
-6.674029090420384724e-01
-6.684346178060290855e-01
-6.694920519444181872e-01
-6.705477946869766726e-01
-6.715841445637722451e-01
-6.726019832043435009e-01
-6.736207239865941165e-01
-6.746551986318277683e-01
-6.756826953377680356e-01
-6.766384179750815075e-01
-6.774824432842088129e-01
-6.782280286882669262e-01
-6.788916636443056429e-01
-6.794737387900661174e-01
-6.799555499431360062e-01
-6.803007778754138757e-01
-6.804888537663209558e-01
-6.805358711234360536e-01
-6.804742886812343849e-01
-6.803344088862578465e-01
-6.801397739071626258e-01
-6.799050754257948137e-01
-6.796339547915875023e-01
-6.793190250604426161e-01
-6.789467349336818502e-01
-6.785080009094099918e-01
-6.780064976197422988e-01
-6.774555487481555005e-01
-6.768655626961069816e-01
-6.762319154891234252e-01
-6.755369512303212032e-01
-6.747707749390250420e-01
-6.739449752773588598e-01
-6.730815779944050448e-01
-6.721994846541832214e-01
-6.713111277660195331e-01
-6.704245139121634001e-01
-6.695452006171075388e-01
-6.686773287666035737e-01
-6.678234348680138766e-01
-6.669835098979531862e-01
-6.661527131257951595e-01
