1.075928366422522764e+00
1.053451048246700772e+00
1.043746795811673511e+00
1.046726456224712276e+00
1.061632049800598665e+00
1.087207084865073448e+00
1.121926021575143650e+00
1.164206736556013810e+00
1.212562344721693108e+00
1.265684160075336351e+00
1.322468351722154267e+00
1.382008286419598164e+00
1.443568942594102511e+00
1.506555396086673770e+00
1.570481950752483424e+00
1.634945008869211680e+00
1.699600393549118849e+00
1.764144908538682888e+00
1.828301764929406437e+00
1.891808899132901844e+00
1.954409425188503135e+00
2.015843785707527314e+00
2.075842839272446838e+00
2.134121690939605465e+00
2.190373846797925239e+00
2.244265771574498469e+00
2.295432171595766846e+00
2.343472643217933360e+00
2.387950910516759784e+00
2.428398198003201891e+00
2.464322398609505971e+00
2.495224247710097654e+00
2.520620591825346146e+00
2.540073141988249183e+00
2.553219338291382368e+00
2.559800743843497539e+00
2.559684281235130587e+00
2.552872772241386201e+00
2.539503386594624157e+00
2.519835157811925797e+00
2.494228948635155874e+00
2.463124422957163162e+00
2.427018343427522762e+00
2.386446963381387842e+00
2.341973012652941666e+00
2.294175685495705608e+00
2.243641040353368865e+00
2.190950453288599054e+00
2.136665930641678646e+00
2.081312929561876413e+00
2.025363294039053130e+00
1.969221722997402724e+00
1.913218445530119771e+00
1.857609579725139071e+00
1.802585564496126613e+00
1.748286515230214277e+00
1.694821172638261153e+00
1.642285007776419503e+00
1.590774295117134196e+00
1.540395038488388657e+00
1.491266429055456255e+00
1.443518209451335910e+00
1.397281615543892519e+00
1.352675136378469256e+00
1.309788662669818748e+00
1.268670665468499381e+00
1.229321751019162079e+00
1.191695384338961494e+00
1.155704691293054420e+00
1.121233374658398896e+00
1.088148368637173569e+00
1.056311824723946247e+00
1.025590426566133306e+00
9.958610394151858891e-01
9.670128030556701670e-01
9.389465505973897397e-01
9.115726221847590960e-01
8.848080107083363677e-01
8.585734905359215796e-01
8.327911631951110394e-01
8.073825795682729733e-01
7.822674444113901782e-01
7.573627833745327775e-01
7.325824309327589878e-01
7.078367664642206680e-01
6.830326715769150514e-01
6.580737457773194743e-01
6.328608536797899475e-01
6.072930604147935840e-01
5.812690480966131723e-01
5.546890251374229086e-01
5.274571259256297662e-01
4.994842365069744883e-01
4.706911319320446485e-01
4.410117936802216976e-01
4.103967572139238240e-01
3.788163607673418198e-01
3.462637730225033295e-01
3.127577262570037098e-01
2.783448709577305835e-01
2.431017071425697340e-01
2.071359733773427692e-01
1.705873156177050709e-01
1.336268921173754953e-01
9.645537531271486387e-02
5.929868147027921033e-02
2.240081755475231695e-02
-1.398632050601692975e-02
-4.961548154956835904e-02
-8.425721919171613727e-02
-1.177114191875116289e-01
-1.498152498809251221e-01
-1.804466259668867090e-01
-2.095234709483742574e-01
-2.369998574847800299e-01
-2.628603906109407973e-01
-2.871140625374974942e-01
-3.097884502464795520e-01
-3.309247402874091470e-01
-3.505737330621235825e-01
-3.687927652207331208e-01
-3.856433961814864642e-01
-4.011896918585071137e-01
-4.154969511062656662e-01
-4.286307662272756946e-01
-4.406563282934665149e-01
-4.516379166753031749e-01
-4.616385318029946894e-01
-4.707196291035528057e-01
-4.789409518438371149e-01
-4.863604467187084279e-01
-4.930342693657833175e-01
-4.990169178828738339e-01
-5.043615404493162480e-01
-5.091205222039826284e-01
-5.133465157647841837e-01
-5.170941170192902003e-01
-5.204221816537175638e-01
-5.233952612104424418e-01
-5.260765180925585094e-01
-5.284926739588911015e-01
-5.305876808047095272e-01
-5.323067384076066721e-01
-5.337115965497497561e-01
-5.348957269721549279e-01
-5.359111798209864608e-01
-5.367539706840519509e-01
-5.373744475143635846e-01
-5.377479588757196893e-01
-5.379152265381125231e-01
-5.379335215343317156e-01
-5.378433585111296322e-01
-5.376706101907683388e-01
-5.374338385578135702e-01
-5.371481337522633348e-01
-5.368267037693157384e-01
-5.364815810265053386e-01
-5.361239051668769129e-01
-5.357641862559080481e-01
-5.354124211169074554e-01
-5.350781172506807737e-01
-5.347704722531393395e-01
-5.344984076345344892e-01
-5.342707181066458366e-01
-5.340962497044920987e-01
-5.339842036909404621e-01
-5.339444960543955343e-01
-5.339884343675513900e-01
-5.341296149457687159e-01
-5.343851508508978831e-01
-5.347770541007746958e-01
-5.353327046597569083e-01
-5.360808590619873248e-01
-5.370334793501785331e-01
-5.381403381274998399e-01
-5.392588143392753608e-01
-5.402707168147831140e-01
-5.412041095339835683e-01
-5.421386337452360760e-01
-5.431245482386483081e-01
-5.441859587328634618e-01
-5.453357291799867390e-01
-5.465833820291463585e-01
-5.479388390203173698e-01
-5.494143586134416779e-01
-5.510257863811675039e-01
-5.527920856592936083e-01
-5.547301729248659274e-01
-5.568388440789803218e-01
-5.590685152301438920e-01
-5.613101425734473571e-01
-5.634674560998026438e-01
-5.655356851222439474e-01
-5.675643380047493691e-01
-5.695975432074247280e-01
-5.716617833814917615e-01
-5.737744683918828414e-01
-5.759509227861051572e-01
-5.782063122443152903e-01
-5.805526720584912592e-01
-5.829914140875357420e-01
-5.855061079140010394e-01
-5.880697534573278151e-01
-5.906673545028423566e-01
-5.932990592562111809e-01
-5.959577454813125286e-01
-5.986209346940570830e-01
-6.012666854701466113e-01
-6.038950984211552964e-01
-6.065326777666202318e-01
-6.092155504816623157e-01
-6.119767921816826606e-01
-6.148469023109703890e-01
-6.178591667411793553e-01
-6.210530914408359804e-01
-6.244724413149518316e-01
-6.281491426202124861e-01
-6.320473483886295263e-01
-6.359852507561433166e-01
-6.397601138174512370e-01
-6.433738917977261940e-01
-6.469111816351040822e-01
-6.504099525395362624e-01
-6.538508498415790404e-01
-6.571773412313479668e-01
-6.603627296240081046e-01
-6.634442164957569110e-01
-6.664678803296043563e-01
-6.694451622437552762e-01
-6.723621866476165998e-01
-6.752182934632349198e-01
-6.780400093816533191e-01
-6.808578531125144551e-01
-6.836873270030712213e-01
-6.865237843971359055e-01
-6.893443528977405421e-01
-6.921159661791252971e-01
-6.948049243463222391e-01
-6.973812350042988273e-01
-6.998220442543982012e-01
-7.021250838587175247e-01
-7.043148501334323131e-01
-7.064275094666226940e-01
-7.084954238059074649e-01
-7.105413350787230797e-01
-7.125771988180700234e-01
-7.146042676541241034e-01
-7.166163526135069795e-01
-7.186084819118007117e-01
-7.205858013743678958e-01
-7.225639314535624580e-01
-7.245616183978517144e-01
-7.265944956527091714e-01
-7.286718941370136093e-01
-7.307965133979615890e-01
-7.329656240450433957e-01
-7.351731096725848680e-01
-7.374115518977700789e-01
-7.396727476680057256e-01
-7.419466933680846088e-01
-7.442189892984224509e-01
-7.464692302832544035e-01
-7.486741015437399227e-01
-7.508161481408328619e-01
-7.528919289277710147e-01
-7.549111561417187755e-01
-7.568870294351024430e-01
-7.588269912453228239e-01
-7.607350500889850098e-01
-7.626234014155558461e-01
-7.645174194394982470e-01
-7.664453509671514952e-01
-7.684233170983715278e-01
-7.704526701378845432e-01
-7.725326671694476843e-01
-7.746676988387273255e-01
-7.768444945934460666e-01
-7.789920734775694910e-01
-7.809878354426945668e-01
-7.827576146422126069e-01
-7.843437231307960333e-01
