1.073074094095867181e+00
1.050550060332567259e+00
1.040719962830113587e+00
1.043503041381166785e+00
1.058146577568175095e+00
1.083396117139959980e+00
1.117724747449497347e+00
1.159545608913170822e+00
1.207363803824843318e+00
1.259859300671150928e+00
1.315913333194070001e+00
1.374600481761177440e+00
1.435162365180925770e+00
1.496975212229632479e+00
1.559517871584950921e+00
1.622343222207997870e+00
1.685053711271578214e+00
1.747280685287107449e+00
1.808667253003162001e+00
1.868853681661773125e+00
1.927464821088515246e+00
1.984099408004304843e+00
2.038321291949686032e+00
2.089653403936945431e+00
2.137575597033854802e+00
2.181528209433390320e+00
2.220923108298421766e+00
2.255163345336890224e+00
2.283671000286546793e+00
2.305920647832640835e+00
2.321473829671279798e+00
2.330008929283986063e+00
2.331341381304797622e+00
2.325431085341167936e+00
2.312376516926768932e+00
2.292397413711364962e+00
2.265809456836707980e+00
2.232994962415657536e+00
2.194373444452542454e+00
2.150375421895789785e+00
2.101422144497091971e+00
2.047913097765832635e+00
1.990222140487672986e+00
1.928701708494535705e+00
1.863692886105541513e+00
1.795537883640335286e+00
1.724591668418351986e+00
1.651230676012076959e+00
1.575857701990208470e+00
1.498902687856970894e+00
1.420819271782713944e+00
1.342077009534252685e+00
1.263149444105525765e+00
1.184498758012163977e+00
1.106559217974026232e+00
1.029723346310553511e+00
9.543341802028831866e-01
8.806837146464389088e-01
8.090146330213734416e-01
7.395228426206388317e-01
6.723608853136876506e-01
6.076430530173335676e-01
5.454514231281341052e-01
4.858408976085057396e-01
4.288423223815950869e-01
3.744641281519403009e-01
3.226933641786318696e-01
2.734967711079624997e-01
2.268224466693443686e-01
1.826025220214874956e-01
1.407568690729030791e-01
1.011973618493216542e-01
6.383195431610939885e-02
2.856784047224378634e-02
-4.686632709021229352e-03
-3.602119743788139566e-02
-6.552363842710925979e-02
-9.328008251252289940e-02
-1.193753402840832256e-01
-1.438932771677152445e-01
-1.669174236806445222e-01
-1.885322884185626491e-01
-2.088261200666825246e-01
-2.278960773104442006e-01
-2.458556632258862007e-01
-2.628359175897587718e-01
-2.789405122447388141e-01
-2.941106897711729395e-01
-3.081389206016860172e-01
-3.209707309872763537e-01
-3.327498107564663132e-01
-3.436467157648656068e-01
-3.537850187792432877e-01
-3.632640823976759914e-01
-3.721837899408203532e-01
-3.806545165306663980e-01
-3.887917585887072924e-01
-3.966786604245685077e-01
-4.042864132006050437e-01
-4.114698642400883011e-01
-4.181576329261935121e-01
-4.243851708620358099e-01
-4.301594513643923201e-01
-4.354529652028951703e-01
-4.402186707238378571e-01
-4.444087061111191561e-01
-4.480978444159730567e-01
-4.514713412676302773e-01
-4.547070431064947904e-01
-4.579284116367943192e-01
-4.611785350097791225e-01
-4.644241672028741608e-01
-4.676203722107561966e-01
-4.707261816755535233e-01
-4.736702792526567007e-01
-4.763574504722558056e-01
-4.787050873117623673e-01
-4.806654328652507080e-01
-4.822592926646363520e-01
-4.835676019205811804e-01
-4.846667089831252495e-01
-4.856087114972111318e-01
-4.864551722653997490e-01
-4.872746728073167333e-01
-4.881014190639804129e-01
-4.889396993030183380e-01
-4.898111853063763510e-01
-4.907622235038896497e-01
-4.918290129346755690e-01
-4.930086295796891616e-01
-4.942467561754512184e-01
-4.954543475459561308e-01
-4.965597739402368149e-01
-4.975384110825284978e-01
-4.983943819329521574e-01
-4.991628190735081794e-01
-4.999237597695562196e-01
-5.007678024628247071e-01
-5.017334878311512369e-01
-5.027793398092638144e-01
-5.038550100170328117e-01
-5.049644929183985109e-01
-5.060966911326323370e-01
-5.072061708096472499e-01
-5.082803591393812992e-01
-5.093478343308867062e-01
-5.104480324152304016e-01
-5.116188649113641018e-01
-5.128895790630968454e-01
-5.142668179965382835e-01
-5.157205803135832545e-01
-5.171820027537437081e-01
-5.185783114470792210e-01
-5.198864889666383604e-01
-5.211381704087948430e-01
-5.223810550973356781e-01
-5.236433068268065982e-01
-5.249273936195665291e-01
-5.262391481592380016e-01
-5.276110882813206393e-01
-5.290854264796747142e-01
-5.306864126790458158e-01
-5.324119474489221737e-01
-5.342464608710822960e-01
-5.361841723555977879e-01
-5.382431132568618048e-01
-5.404578897262756199e-01
-5.428592605955570027e-01
-5.454589108179294099e-01
-5.482526991801622840e-01
-5.512304269436463233e-01
-5.543727044833666184e-01
-5.576266502236058020e-01
-5.608781898402848132e-01
-5.639761948246704293e-01
-5.668211612503665231e-01
-5.693663404555856511e-01
-5.715301552467352275e-01
-5.732188019172146376e-01
-5.743906462570538274e-01
-5.750921611338273287e-01
-5.754551282745004048e-01
-5.756255999015253977e-01
-5.757190257896058760e-01
-5.758227387752147264e-01
-5.760070710001001792e-01
-5.763310041422162744e-01
-5.768408236549522616e-01
-5.775609670334228563e-01
-5.784795101714568233e-01
-5.795405528939508999e-01
-5.806644444633592972e-01
-5.817963629630916733e-01
-5.829262153076564257e-01
-5.840524030795447574e-01
-5.851526304992381577e-01
-5.861912919150604750e-01
-5.871331165688656872e-01
-5.879452633979080911e-01
-5.885914613673318696e-01
-5.890335482599186046e-01
-5.892548021236160283e-01
-5.892719218394998348e-01
-5.891146892006455804e-01
-5.888190787483742472e-01
-5.884317643088333716e-01
-5.879990586383536666e-01
-5.875494889456025494e-01
-5.870807368728816478e-01
-5.865358404929402747e-01
-5.857992640147247076e-01
-5.848138162946494578e-01
-5.836397885263012730e-01
-5.823497120901471868e-01
-5.809840818595520817e-01
-5.795664164802405427e-01
-5.781132904248741378e-01
-5.766362075571691559e-01
-5.751431264965819468e-01
-5.736438521911210175e-01
-5.721501100973576115e-01
-5.706716561668150334e-01
-5.692161212760653566e-01
-5.677964890999535053e-01
-5.664340060967539836e-01
-5.651448209964829994e-01
-5.639190335790116304e-01
-5.627048083802501655e-01
-5.614099260146876436e-01
-5.599322627190798096e-01
-5.582105932667870141e-01
-5.562429441831981958e-01
-5.540575427199918579e-01
-5.516898644602632462e-01
-5.491783490021183711e-01
-5.465609864563966136e-01
-5.438711336741701707e-01
-5.411355751270020553e-01
-5.383748891197472908e-01
-5.356050383931165726e-01
-5.328383738556924376e-01
-5.300849642015940111e-01
-5.273530080446999779e-01
-5.246494315264739194e-01
-5.219798039303299442e-01
-5.193483061468017192e-01
-5.167572356538623346e-01
-5.142066349227084610e-01
-5.116937071239998636e-01
-5.092123418680862823e-01
-5.067533846982538170e-01
-5.043057898044202014e-01
-5.018592253591454000e-01
-4.994063219714480195e-01
-4.969444385002813047e-01
-4.944757214445638094e-01
-4.920055682131041497e-01
-4.895404742817477395e-01
-4.870861251854169405e-01
-4.846467153110180504e-01
-4.822246311946470909e-01
-4.798208661735781644e-01
-4.774359495185815927e-01
-4.750712032789045636e-01
-4.727296872098166181e-01
-4.704167921244792883e-01
-4.681402735937706949e-01
-4.659098538925444677e-01
-4.637365973401060826e-01
-4.616313567935343420e-01
-4.596012322003640849e-01
-4.576416644562431579e-01
-4.557254804059538422e-01
-4.538022122982469653e-01
-4.518275714814372068e-01
-4.497987492014475230e-01
-4.477469625805153286e-01
-4.457068991064809804e-01
-4.437023316315228394e-01
-4.417460619576416558e-01
-4.398419983687359980e-01
