1.076029231956089127e+00
1.053546936744079510e+00
1.043830552447024385e+00
1.046792213465656651e+00
1.061674812226846010e+00
1.087222198921520278e+00
1.121908581391464654e+00
1.164151393849828242e+00
1.212462788956045090e+00
1.265532874085576021e+00
1.322256437940118490e+00
1.381725247056778239e+00
1.443202487298209880e+00
1.506091226928846449e+00
1.569903536356159313e+00
1.634233425446832255e+00
1.698734154702660204e+00
1.763099903439155458e+00
1.827051377398254628e+00
1.890324337734087035e+00
1.952660502512556739e+00
2.013800249079590543e+00
2.073476605992439215e+00
2.131410281326870493e+00
2.187305513513547961e+00
2.240846896397481913e+00
2.291697533727701241e+00
2.339499122316276214e+00
2.383874909066008740e+00
2.424436438923615711e+00
2.460794752801034768e+00
2.492576028145282230e+00
2.519440708924757022e+00
2.541104261888901039e+00
2.557357076774869675e+00
2.568080784508092851e+00
2.573258496779938564e+00
2.572977202857368084e+00
2.567421832569425355e+00
2.556862049625092670e+00
2.541634123081303098e+00
2.522120795062263721e+00
2.498731846506506482e+00
2.471887362003756472e+00
2.442004887656718637e+00
2.409490990821464340e+00
2.374737140608996988e+00
2.338119074277418719e+00
2.299997976867634630e+00
2.260721572641472221e+00
2.220623960047420464e+00
2.180024100578865198e+00
2.139223383418215718e+00
2.098502658911434171e+00
2.058119099165749866e+00
2.018303261224758227e+00
1.979256797928693024e+00
1.941151048004162494e+00
1.904126392775234322e+00
1.868291993105791304e+00
1.833725637299908673e+00
1.800473927133614760e+00
1.768553465237404865e+00
1.737953555154754248e+00
1.708640458746180979e+00
1.680562299218438804e+00
1.653653493253994133e+00
1.627837684005648544e+00
1.603028850921879522e+00
1.579130988432028371e+00
1.556037230086322776e+00
1.533629387808858713e+00
1.511778288758367284e+00
1.490344919706351634e+00
1.469181948741540289e+00
1.448135130094069467e+00
1.427044316422733328e+00
1.405744098657435881e+00
1.384064070597744056e+00
1.361828926876734291e+00
1.338858512304203163e+00
1.314967940850112260e+00
1.289967834913156919e+00
1.263664769569473600e+00
1.235861987117982785e+00
1.206360449681511238e+00
1.174960295493644447e+00
1.141462853643850694e+00
1.105673288157678291e+00
1.067404009789317598e+00
1.026478959131940982e+00
9.827388008343753700e-01
9.360470710278244733e-01
8.862971972251129094e-01
8.334202774926735557e-01
7.773935076706852687e-01
7.182489915625763777e-01
6.560828199154593587e-01
5.910642385028889167e-01
5.234447546466285406e-01
4.535669610620436942e-01
3.818725047385396754e-01
3.089080789155679296e-01
2.353271304299905387e-01
1.618837483716666914e-01
8.941409575817281519e-02
1.880115747571030685e-02
-4.907827248613551990e-02
-1.134191768140843104e-01
-1.735543419048617975e-01
-2.290051769149545335e-01
-2.795052963665043966e-01
-3.249938127033900614e-01
-3.655846846522799454e-01
-4.015233387369748774e-01
-4.331412612603280921e-01
-4.608158146576635250e-01
-4.849386314124536912e-01
-5.058930618228507647e-01
-5.240396420021303792e-01
-5.397079152533518220e-01
-5.531929293971544759e-01
-5.647549160256247758e-01
-5.746209910206718785e-01
-5.829879742672094967e-01
-5.900257281108977070e-01
-5.958805904558882593e-01
-6.006786628507764236e-01
-6.045288130004370375e-01
-6.075253222168063294e-01
-6.097501765641922811e-01
-6.112750075482167311e-01
-6.121627330595768024e-01
-6.124689121153168436e-01
-6.122428788019667056e-01
-6.115286706442730758e-01
-6.103658035947224780e-01
-6.087899072852404059e-01
-6.068332523131478862e-01
-6.045251875394012098e-01
-6.018925088427534709e-01
-5.989597640594719330e-01
-5.957495116464504026e-01
-5.922825395460266096e-01
-5.885780556282753651e-01
-5.846538446221075658e-01
-5.805264099733165040e-01
-5.762110942934053348e-01
-5.717221847669404777e-01
-5.670730042550337080e-01
-5.622759996439221641e-01
-5.573428064396147574e-01
-5.522843206565899443e-01
-5.471107535321865223e-01
-5.418316853169969916e-01
-5.364561116690785836e-01
-5.309924862081500940e-01
-5.254487632997416613e-01
-5.198324244773375735e-01
-5.141505218607475003e-01
-5.084097011265162891e-01
-5.026162257882651474e-01
-4.967760103411852368e-01
-4.908946370301917606e-01
-4.849773785265228399e-01
-4.790292158799240307e-01
-4.730548606975980563e-01
-4.670587641848989446e-01
-4.610451402599311521e-01
-4.550179771028105558e-01
-4.489810458441285124e-01
-4.429379164973218375e-01
-4.368919704107974145e-01
-4.308464111038304845e-01
-4.248042640495173772e-01
-4.187684014371241270e-01
-4.127415387381537792e-01
-4.067262478911001233e-01
-4.007249617051939494e-01
-3.947399842081565358e-01
-3.887734964043780272e-01
-3.828275568037743382e-01
-3.769041152767039771e-01
-3.710050143122822219e-01
-3.651319948842950414e-01
-3.592867008997950862e-01
-3.534706839262129474e-01
-3.476854083257036043e-01
-3.419322548361506398e-01
-3.362125249125240689e-01
-3.305274453123653311e-01
-3.248781698312976918e-01
-3.192657819789073148e-01
-3.136913055949197560e-01
-3.081556996181917807e-01
-3.026598629172775334e-01
-2.972046418606756335e-01
-2.917908289540267486e-01
-2.864191666510746970e-01
-2.810903503174829732e-01
-2.758050307895693054e-01
-2.705638165134423567e-01
-2.653672759667488057e-01
-2.602159396477766728e-01
-2.551103025574055772e-01
-2.500508247462709388e-01
-2.450379367530609587e-01
-2.400720373905233518e-01
-2.351534975968293806e-01
-2.302826605772338442e-01
-2.254598432486775439e-01
-2.206853402767922911e-01
-2.159594232979984985e-01
-2.112823413913662018e-01
-2.066543220583211549e-01
-2.020755757593185042e-01
-1.975462918556158964e-01
-1.930666419843493076e-01
-1.886367815165564676e-01
-1.842568496962032620e-01
-1.799269697399373813e-01
-1.756472490470170622e-01
-1.714177792661560062e-01
-1.672386413986267639e-01
-1.631099010007444616e-01
-1.590316096009459501e-01
-1.550038068710418715e-01
-1.510265199431415351e-01
-1.470997639036190352e-01
-1.432235417644616149e-01
-1.393978456359028784e-01
-1.356226557731750604e-01
-1.318979418847478768e-01
-1.282236629102053715e-01
-1.245997671789378508e-01
-1.210261933265876222e-01
-1.175028693422626586e-01
-1.140297142580425499e-01
-1.106066368541295669e-01
-1.072335369369226410e-01
-1.039103049205060830e-01
-1.006368224408576012e-01
-9.741296251601368195e-02
-9.423859000268269837e-02
-9.111356143008531028e-02
-8.803772503894044532e-02
-8.501092083444308778e-02
-8.203298199913276745e-02
-7.910373399924935933e-02
-7.622299429300992413e-02
-7.339057501106477366e-02
-7.060628062748944278e-02
-6.786990933929039349e-02
-6.518125139544107827e-02
-6.254009321492452755e-02
-5.994621413767380058e-02
-5.739938789639410788e-02
-5.489938279661504827e-02
-5.244596170416952752e-02
-5.003888234565986859e-02
-4.767789736003281986e-02
-4.536275480588541908e-02
-4.309319755007849639e-02
-4.086896383119138776e-02
-3.868978929013367624e-02
-3.655540357127428502e-02
-3.446553277573656537e-02
-3.241989922496380655e-02
-3.041822122030954714e-02
-2.846021314397724836e-02
-2.654558574262990203e-02
-2.467404637894151515e-02
-2.284529888905206113e-02
-2.105904321694831993e-02
-1.931497573605896884e-02
-1.761278971858296766e-02
-1.595217484380512599e-02
-1.433281691472162826e-02
-1.275439810165092912e-02
-1.121659759550800925e-02
-9.719090324891261137e-03
