9.599945811894423572e-03 5.094021225168336720e-02 4.985471290514489895e-01 1.852613702713089424e+03 1.402029578882996219e+01 5.017083358750573652e-01 1.315367881787829658e-02
5.615191062271856354e-03 2.609796175182942449e-02 4.810274489509394624e-01 1.783122049384031925e+03 1.779945044128023923e+01 4.463686034981409478e-01 -1.940332050442949763e+00
5.170831963920590781e-04 4.900386728641450418e-01 3.012693391657052522e-01 1.003883379982395013e+03 5.415131440677005692e+00 1.001454363032245887e+00 5.395684071156008343e-01
2.836106213516720494e-03 3.002343018828831228e-02 1.596178522253783594e-01 5.971576003263256780e+02 8.938386700612979130e-01 4.539104007618977588e-01 -2.495854221490428237e+00
6.008801690061202350e-02 1.172588239717064530e-02 4.042009950050849676e-03 1.548158269336271076e+01 3.879021362059587030e-02 4.223178444773277862e-01 -2.674264971498879984e+00
1.302294451486969359e-02 1.295337290686794374e-01 3.072598251680512260e-01 1.097663629919808727e+03 1.018477582103384016e+01 5.868513168970523886e-01 -6.725395510430846879e-02
1.536726287474090256e-02 7.524255737238733088e-02 1.413997014707856523e-04 5.137349551369561063e-01 2.913342457428887144e-02 5.175810353833528721e-01 -2.215714039969782334e+00
5.467490520925751517e-03 2.172627295945343262e-01 7.146744610201771764e-02 2.708143825215312290e+02 1.958279530271151980e-01 5.193042812544358400e-01 -1.720769284732106774e+00
2.323873174870732736e-02 3.612181969053037539e-02 2.660014934624016676e-03 1.014357587478316169e+01 3.042617482639549051e-02 4.450652954359143876e-01 -2.391902611279732138e+00
7.511506820588674527e-03 2.697826268785159520e-01 2.699435440863781066e-01 1.030570977303326572e+03 9.509567175968875574e+00 6.223490579754993313e-01 -1.140812133927630520e-02
3.426655578015624752e-03 4.330817129296018336e-02 5.607311839927853203e-03 2.072824226703205852e+01 2.538400456539227634e-02 4.716921525055540187e-01 -1.772376101171426965e+00
3.056465249441406642e-02 5.958986399704905429e-02 2.990525334029203730e-01 1.159173899843314075e+03 9.171024702270862861e+00 4.572082836961439134e-01 -2.688817901853015613e+00
2.996252394511681599e-03 5.597515475582846151e-02 3.613564522196936468e-01 1.428097033799426072e+03 5.060080312534016578e+00 4.847440360733628606e-01 -2.447954781374675204e-01
4.433604424622746010e-02 3.268893245646448675e-01 8.326512622392052282e-03 3.191376011134839885e+01 1.590617457516620842e-02 8.023776800273769716e-01 -1.935930070023776928e+00
4.144320878147866871e-02 4.030123613478917011e-02 3.038293215426143140e-02 1.117327228345198193e+02 1.146663412821265216e-01 4.615225121624093596e-01 -2.463482568094834679e+00
2.242890480708811720e-03 2.556087464663120076e-02 1.557887926771070464e-01 5.833832736514042381e+02 1.241079035706150746e+00 4.246838204092586722e-01 -1.940976980719793632e+00
5.723972231298607785e-03 3.429729657247854863e-02 3.343076883250396536e-01 1.236634849237295612e+03 1.015934538609342930e+01 4.289976457165899371e-01 -1.896413903079549046e-01
6.815222660537603727e-02 6.684415115961926668e-02 4.533231202306358121e-01 1.725406964062801080e+03 5.400533108622875389e+00 4.829849414595256962e-01 -9.289270537468669042e-01
5.263703338230347334e-02 5.726669963790828599e-02 7.904939153550753425e-03 2.954809657121371913e+01 2.440819670549275455e-02 4.435523463306146885e-01 -2.235873609399410711e+00
1.187651804192624456e-03 4.396329665105045553e-02 4.582945481831030010e-01 1.842054983833538017e+03 1.927546811195312415e+01 4.381123650922160162e-01 -1.322283222610021625e+00
1.694864608563468461e-02 1.828919437560257988e-01 1.029097462302627358e-01 3.708757545717887751e+02 1.212610648826279336e+00 5.139105030551635034e-01 -2.722496373818839910e+00
1.965468903964032524e-02 8.794089413449379666e-02 4.950691539389292031e-03 1.916850643074651117e+01 9.717663761675297135e-03 4.780389500535347502e-01 -2.238099644134520005e+00
3.789962767799973098e-02 3.435899280722504862e-02 1.423936037349045943e-03 5.308156753580453469e+00 2.581996090359527096e-02 4.315548474083029107e-01 -2.455889464586144211e+00
1.020228003168500291e-02 1.691407684150231586e-02 7.638109683073999838e-03 2.803564630100710531e+01 1.438623126657937248e-02 4.127681772396183391e-01 -1.897504035180102244e+00
6.565354711915195006e-03 6.797277648082875046e-02 3.354353184966504253e-01 1.255552122104305454e+03 4.413522654918808463e+00 4.548591552418114747e-01 -1.825769645333390923e+00
9.778084218772544606e-03 2.464563057022975678e-01 1.523629743876308510e-03 5.457492459395772322e+00 3.691251894661307272e-03 7.374496025642538477e-01 -1.508346252172215296e+00
1.087365088137152470e-02 4.962346817385396847e-01 1.003965973714998072e-01 3.551654200824876284e+02 1.270753638123007345e+00 9.780811377038878263e-01 -1.070961085222068343e+00
6.979608583975862451e-03 3.893261235358845551e-02 4.519607710128595857e-01 1.638509708617021488e+03 6.301177925348081743e+00 4.676913131311061789e-01 -5.714551181827352000e-01
4.209729650999550002e-03 7.882601775956919743e-02 1.869477731598951642e-01 6.532196925429742578e+02 5.405230543048728187e+00 5.171393101543240167e-01 1.445942352600291247e+00
9.819812607447100244e-03 2.379706891905721822e-01 1.691861409210883641e-02 6.049040096804960598e+01 4.607920821112648085e-02 7.792773344447219142e-01 -7.736584764553916527e-01
6.302490647312829208e-03 3.216754613792467687e-02 5.594784215131882316e-02 2.103592023013487449e+02 1.757810304269489809e-01 4.343725767793009118e-01 -2.242864086235402343e+00
5.742958809237871942e-02 2.823047066197918384e-02 1.687538409672047907e-02 6.181401078324777387e+01 5.383665004352064520e-02 4.362787088423793480e-01 -1.637329710286231421e+00
5.966149174390468664e-03 1.984530446119979752e-01 2.946826324631439675e-01 1.055928683268239865e+03 4.547115254660394790e+00 5.153265226386170017e-01 -1.342763600081465336e+00
4.850021827997731509e-04 2.311462418757968817e-01 8.190847774721588329e-03 3.072136066790998754e+01 4.137761829429749405e-02 7.276252221300639755e-01 -1.420845652254310476e+00
4.046913984004309639e-04 1.840403870897829378e-02 7.586473022053560888e-02 2.652515366968118542e+02 5.635797022102536635e-01 4.396010178017646375e-01 8.876198910051863455e-01
7.776509862671563333e-04 1.589850031485054438e-01 9.360424388069559995e-03 3.405572157688375512e+01 4.644209629635753095e-02 5.538728203044970266e-01 -3.859287737246107630e-01
2.581037570621852722e-03 1.397427707737419755e-01 3.318198890931178258e-01 1.204460546579672382e+03 6.253348700590968257e+00 4.813480684811400345e-01 1.435669469985723978e+00
6.071527003030037332e-03 2.896762655124599309e-03 3.461900391061009108e-01 1.288611753019271191e+03 1.305091770536689388e+01 4.058055974260766363e-01 -1.705617116122462473e+00
5.373108129681130121e-04 2.001832985917745625e-02 4.578549922473713618e-01 1.700414499549127186e+03 6.090012670907843706e+00 4.491723903273755480e-01 -1.057315224202490800e+00
1.651680323457763513e-02 3.263896675263259217e-01 9.510664586475436194e-03 3.551876920771731960e+01 4.914934193761014841e-02 6.077820368235299364e-01 -2.603654400676944203e+00
1.861758981548523179e-02 3.297403274522810179e-02 5.492563481911488799e-01 1.971275511439029970e+03 1.011319471740247700e+01 4.627266831436870342e-01 -5.982977894982347000e-02
3.194221662060131584e-02 5.422524838832990662e-02 3.024206865805462163e-01 1.112829421629278386e+03 4.087095983246443964e+00 4.411624577506399469e-01 -1.091707391049477227e+00
2.735652939083511349e-03 8.110353379682424535e-01 1.540915259313392904e-01 7.269098252522214807e+02 2.995512332017153501e+00 1.060072374888785696e+00 -1.551289977108015472e-01
1.715652452058853000e-02 1.864400435462895134e-01 4.894071231797132677e-05 1.816640595830671112e-01 4.753906197214940316e-02 5.178149484528190571e-01 -2.817524478495698759e+00
3.507816559720829987e-03 6.364314274373607423e-03 5.976044345998156142e-03 2.246075169645931169e+01 1.566404509775616918e-02 4.307263774828153369e-01 -9.249033027232753668e-01
9.560634561974061182e-03 1.624318292226253069e-01 3.090877977013732902e-01 1.145880368988991449e+03 5.690559327264873346e+00 5.134106669953241164e-01 -1.322472160614321712e+00
1.047278110734011988e-02 4.468621802872044940e-02 3.239897531286136112e-01 1.156621217213885757e+03 1.010410961372669192e+01 4.241957309987398062e-01 -1.512692332921736549e+00
1.336078062981663900e-02 3.385383899056846474e-02 2.094802271266463581e-02 8.007157469501400726e+01 8.491774316155815960e-02 4.733344883073046239e-01 -2.194394373855109048e+00
9.900146282953607019e-03 1.857506317468227142e-02 3.684028377358534168e-01 1.324180125278071500e+03 1.522446397429388476e+01 4.424411024866267139e-01 -6.141780577582404144e-01
5.804179291117463058e-02 8.954229083815843371e-01 3.555622281662984552e-01 1.293046762267611939e+03 5.146493182148291545e+00 1.677227654486740605e+00 -5.685731597413489213e-01
1.181396626288310284e-02 1.377213973635369459e+00 1.984848076222401649e-03 7.103164196694408794e+00 5.259670386660506014e-02 1.437236373245952770e+00 -7.616888868854703176e-01
1.619271517974644747e-01 2.464713559751749716e-01 5.591328400789567695e-05 2.028289778580336378e-01 3.923431072352927956e-02 8.659065025832465290e-01 -9.713652434691395499e-01
3.934797015346130217e-02 5.079695488536738468e-01 3.724435024365070901e-01 1.381137716449624122e+03 1.603993855915173583e+01 1.239195136841273470e+00 -1.180145897122156562e+00
3.955827592786483743e-02 2.934997904633295795e-01 4.089446015588192873e-01 1.516113773816948878e+03 7.548417462250325727e+00 9.860978725553771751e-01 -9.703308258769786088e-01
2.283211395574052515e-03 8.207265288449684393e-01 4.856727635455838910e-02 1.791944565895147434e+02 8.256478808396819358e-02 1.118686188522431069e+00 -1.467561257225402649e+00
5.218817383103354322e-03 2.896618100996359996e-02 5.019901204480430312e-01 1.941917083418577931e+03 9.010406992999042686e+00 4.404409474681315606e-01 -4.678683481461236027e-01
1.336622769253970186e-03 1.056044559532933053e-01 4.015657628177639604e-01 1.544005779179462024e+03 8.926953111227708959e+00 5.714991153982044159e-01 6.769802518512967326e-01
1.220940187169899591e-02 6.636051757886333134e-03 4.449549170276247967e-01 1.757909112151428644e+03 6.094598996731554585e+00 4.128965416064649396e-01 -2.497471235660266409e+00
4.133428453738017400e-03 5.129607567579035077e-02 3.742518031001744374e-03 1.362009408837357860e+01 1.762959244778835449e-02 4.651105704417239917e-01 -1.063473461536110776e+00
2.718510625728020984e-03 8.775518441337734968e-03 4.245239554421565420e-01 1.695629343337205455e+03 1.856936474161969741e+01 4.147998160044747418e-01 -1.614510605286514355e+00
2.231380713571854552e-02 4.140030274512819242e-01 1.624471602257012218e-03 6.027216890808335670e+00 4.778577189121524516e-02 1.038536852308443281e+00 -1.043120050290126111e+00
3.001475931041239914e-02 3.473927189172280189e-02 4.137687257078210279e-01 1.527082216848171583e+03 9.695545340288884262e+00 4.308143796732742392e-01 -6.374812161892619011e-01
1.923493323819657277e-02 7.254186682146758491e-02 2.182833345264092728e-01 8.046190461384397850e+02 6.318411152877418502e+00 4.578309935902232231e-01 2.176724671611450501e-01
2.368249329517376212e-01 6.199828314485161807e-02 1.955061940239079810e-01 6.809087200381386538e+02 3.265717935887960444e+00 4.587065955233097236e-01 -1.696286396984253431e-01
1.988847905392094814e-03 3.214756551440870469e-01 1.583740993519939799e-01 5.844202839487203391e+02 8.183016357737622481e-01 9.259228745609447975e-01 -1.655393320314014760e+00
1.627594043819087510e-02 1.462198787135680043e-02 2.826945424088918024e-01 1.005490562235818174e+03 4.738628263140415520e+00 4.266460007203285443e-01 2.492698614054108530e-01
2.594827720722186343e-02 5.677714910831638956e-02 4.163948773707912832e-01 1.585811377185021911e+03 1.029733520899082500e+01 4.488678989705351396e-01 -2.735111541147583480e-01
1.311117962990121120e-03 2.936451649617621493e-02 4.516443770214624842e-01 1.544634452487472799e+03 1.417131866531749118e+01 4.242791267989347581e-01 1.109282146450645046e+00
2.577459031979764149e-03 3.629470118003060852e-01 1.386103675276678486e-02 5.128204691950514160e+01 4.785863448554222854e-02 1.114522169629703185e+00 -2.007711328429954367e+00
2.679458157614436273e-03 1.473422039614475862e-02 2.896719442576106045e-04 1.025791239497107155e+00 1.079198917826046378e-01 4.353495060908676439e-01 -6.170801756662128712e-01
1.252852331257628057e-02 4.182650808727710751e-02 2.848208893356641291e-01 1.171656148218941780e+03 4.232033792102922298e+00 4.686016855965238759e-01 1.384558678618088123e+00
5.764672024490423777e-03 7.033445543023519875e-01 8.115204873194253876e-02 3.055545219632309681e+02 3.329744968290386242e-01 1.175640089212451667e+00 -1.888861001625729008e+00
1.503001756352073115e-01 2.428606910976929545e-01 2.704039387273703410e-01 1.029345330040299359e+03 7.822682003261343553e+00 5.928703730002304884e-01 -1.774419081672307108e+00
2.321945512894435515e-02 1.558443504341556762e-01 3.723456375232806481e-01 1.384767439221196810e+03 6.262568574538056154e+00 5.145329009744132875e-01 5.333603612865221999e-01
2.224732002802484732e-02 2.138600717911955662e-01 1.061592513461890501e-03 3.779433660940874518e+00 1.803140441725020401e-02 7.326998185789168616e-01 -6.044246749649788697e-01
7.151300989973837473e-03 1.088255730429181334e+00 7.161436617541021288e-02 2.755186584191154680e+02 7.745712139267546537e-01 2.346004896617230440e+00 2.590236037658666390e-01
6.041345731647222023e-02 5.548688018362388230e-02 4.130317561352416789e-01 1.503296899179979846e+03 1.129723738010807921e+01 4.940972040196011661e-01 -9.125175511424080677e-01
4.643106630483661949e-03 6.183933971271564356e-02 4.629427291201566042e-01 1.786837784974933356e+03 9.470693244000210953e+00 4.746270741478295641e-01 -2.511037601038236811e-01
3.879231209014833998e-03 1.589823320205414614e-01 1.827533257219753852e-03 6.580570829155695911e+00 3.885261321122913253e-02 6.318501508286630264e-01 -2.226124462916478919e+00
2.143146936874425548e-02 9.705080468782816272e-01 5.239215671976912292e-01 2.060371678456756854e+03 7.466615902211908740e+00 2.281264097645863131e+00 -3.800715629228545445e-01
2.290317383946857341e-02 7.848325104494234539e-02 3.015265085630731146e-01 1.100993056900610782e+03 5.845808033019734395e+00 4.645359823810411015e-01 -2.714898800102704346e+00
2.993153440645149321e-02 2.682434791073346272e-02 3.338536631913207597e-01 1.336811473909251390e+03 7.244405723535293440e+00 4.405454068628415487e-01 3.238688072543333130e-01
3.160100006928839335e-04 8.454844418629037239e-02 2.637257360764858061e-01 9.634601823942514329e+02 5.262201650130654329e+00 5.578846399743275786e-01 1.051763902321046773e+00
9.490300737689067942e-03 1.081497806320246058e+00 4.244341912705331676e-01 1.572167663423017530e+03 5.052346724517313703e+00 2.445802712872450435e+00 1.036719973958633023e+00
1.475468546084096957e-03 3.730484990443846266e-02 4.294267490973197599e-01 1.574873667863342462e+03 1.356234557087621795e+01 4.559147601769945046e-01 -1.500316785434917533e+00
1.391266516346451876e-01 2.417308446360252328e-01 8.408742819829398462e-04 3.093597320582167853e+00 4.634476669773224256e-02 7.151626649976263739e-01 -2.354776225717925442e+00
2.621662221474144877e-04 7.917796910719178405e-04 2.771437220388567324e-01 1.003125028937524803e+03 8.074151227584907886e+00 4.214094070629508804e-01 -8.002986314991129557e-01
2.285907299318622622e-03 7.639525012026212591e-01 1.969560349952366972e-03 7.118498450568986335e+00 3.493783738139314300e-03 9.990198341156037998e-01 -1.827086891569376093e+00
4.880676231034471874e-02 2.857505966137748876e-01 9.475204354220162679e-05 3.439754138668664196e-01 5.421413839207162716e-02 7.571959201120509464e-01 7.885567015876432384e-01
2.510845508877238355e-02 9.816671074577738854e-02 1.816108328434073160e-01 6.623146308621179514e+02 2.993726495665526066e+00 4.535767920645394358e-01 -2.414221733876629639e+00
8.295114761549291643e-03 1.105153668483165388e-02 3.910022370356225907e-01 1.443808532728639420e+03 8.114610340471756444e+00 4.279554147042460288e-01 1.030481478180124283e-01
5.849015862421037305e-03 4.720297958784713810e-02 1.512484999527702600e-01 5.436205822925468283e+02 1.500888458830664574e+00 4.398442370252495515e-01 -2.407888868025357620e+00
1.061440925996502346e-02 1.996541962192405761e-01 2.840999782911052818e-01 1.041729613884191167e+03 8.521445830596228177e+00 6.060238200471653736e-01 8.160008990894601633e-01
5.354422837414071767e-02 3.215327144035224488e-02 4.485901906118349158e-01 1.651603153427000507e+03 1.592284320517690333e+01 4.493102468946682526e-01 8.892562047473683284e-01
2.064823059223723847e-02 2.674059396590783289e-01 5.126893538786593263e-01 1.981989168191312046e+03 1.095034274709411193e+01 6.568589528371073794e-01 4.496417616037620135e-01
3.583494407155951578e-02 6.192384175452155665e-02 3.611942565643936898e-01 1.285156762044902507e+03 1.012442493617804473e+01 4.625329182384176896e-01 -4.337229756168401451e-01
1.510389728443863565e-02 1.446264212644975643e-02 5.137106725868630930e-01 1.936509596987604937e+03 5.858700581512768402e+00 4.195642500961402344e-01 -1.159086007347124303e+00
4.727365807643191253e-02 6.411747520417614143e-02 3.286348219178480967e-02 1.264730197421539515e+02 1.192792943988456589e-01 4.788852581295554023e-01 -2.335406962226238559e+00
5.453864147983550868e-03 5.323233096321210167e-02 3.635522941968712951e-01 1.377129586304697341e+03 1.245382830595070800e+01 4.315015382771413832e-01 -3.571070808833477495e-01
4.516426944088386061e-03 2.103526086762609257e-02 3.559071787665474274e-01 1.388937924185702059e+03 5.917954375341400564e+00 4.444462991418656195e-01 -7.129321650980147140e-01
8.045763294534012677e-03 1.737744112839776367e-01 2.948624381968736885e-01 1.099795351985296293e+03 7.543546399055761853e+00 5.130518944389078628e-01 -2.308909865702254205e+00
3.593874178577219358e-02 9.630801751077616712e-02 3.287779623542735341e-01 1.185463973025430278e+03 8.131136576512071557e+00 5.632990951044219985e-01 -1.056822731176301877e+00
1.221953880406494684e-02 6.231624504158015526e-02 2.602658351123577352e-01 9.965119193149728289e+02 6.694517711218945344e+00 5.296177025485991896e-01 -5.535333398575162933e-01
1.630696434189558277e-03 7.329427978182304071e-02 1.213566034644352615e-01 4.441111314927202329e+02 9.526232004508996543e-01 5.410510125937063597e-01 -2.432092339048745444e+00
8.864444209942696010e-03 1.960165493101400161e-02 4.910588282255031745e-01 1.715898601816017617e+03 1.367284439599815649e+01 4.194900159193223343e-01 1.499319725681293125e+00
6.459660239621060722e-03 3.742878146928406702e-01 1.735427466701955010e-02 6.323766311462193102e+01 3.285798408325564524e-02 9.908760541467556138e-01 -1.140931761809577782e+00
7.058617872565001693e-03 6.031284258089461003e-01 2.226240739951912129e-01 8.208591713848056770e+02 2.451756530196206985e+00 7.880254312425046814e-01 -1.342406798623447806e+00
3.358154346453014194e-02 1.842974809240160161e-01 5.753081671147478905e-03 2.127409416687484267e+01 9.253910585786419979e-03 5.354235607304990152e-01 -2.458351099590867506e+00
2.693659415278603503e-02 7.066796045385902170e-02 6.913775507185218605e-02 2.462889133199950322e+02 2.729433243068679071e-01 4.932692443449078201e-01 -2.779161803050748947e-02
4.135162305820202014e-03 7.459876966742162718e-02 5.200557988649164454e-04 1.955559135395318560e+00 4.405127742961630066e-02 4.996226982380362336e-01 -2.575058443133770858e+00
1.175301126672282509e-02 2.752666237716505093e-01 1.747141488525269081e-03 6.261869144634122364e+00 3.611302035434383554e-03 6.717326323510535158e-01 -1.829754344389204590e+00
1.469002371275397907e-02 5.470593500459441927e-01 4.442278365905019677e-01 1.611513896679000254e+03 1.778317216036540671e+01 1.241499892400688365e+00 4.823401217504666438e-01
1.002395208985408931e-01 1.465240494745504163e-01 1.157182882744269836e-01 4.215064864224640360e+02 6.082986932651519574e-01 5.616249540905711157e-01 -2.353243464479009450e+00
3.690165386898248273e-02 4.910686331786044689e-02 4.281247567458506542e-01 1.623458027841234070e+03 1.837762290800407783e+01 5.082577735310329636e-01 -5.470432945762861987e-01
2.203174839582362906e-04 9.537616843888603591e-03 2.965569451613098151e-01 1.224153660691921687e+03 6.137499924341465629e+00 4.161584215652240903e-01 3.479051601177289843e-01
2.367542560321551567e-02 3.561594592341723597e-01 7.474988484354913934e-03 2.691635970544105660e+01 4.487977108876366888e-02 6.593348546361552653e-01 -1.056686473923516667e+00
6.536025942621913028e-04 7.242738864434303259e-02 6.701992703521562900e-02 2.371180691432781487e+02 3.040882003209365858e-01 4.741223654607341631e-01 -6.667786213133323203e-01
4.123361919160688921e-02 7.026837675647947716e-04 3.547919525603241558e-04 1.337650377619955533e+00 7.464609257396994865e-03 4.207544639175651580e-01 -8.947888036990878646e-01
6.883904973297104955e-03 6.181887033051345487e-02 3.858140759688996058e-01 1.435586577673866259e+03 8.942489097008602172e+00 4.643565280583263344e-01 -9.841401858874870845e-01
1.059640999348134827e-01 1.430380701719957126e-01 4.259338655411377128e-01 1.525277790281372518e+03 1.523420691064664467e+01 5.246859309160386564e-01 6.604862191821767592e-01
9.034470376825716464e-02 2.287477538430671142e-01 2.431718147589667645e-01 8.675439899392866892e+02 6.560779792318136572e+00 6.269860564181588547e-01 -2.082422929537241174e+00
3.783931320511930291e-03 3.254094600803270759e-03 3.848999025651970718e-01 1.415129865408187015e+03 5.096157968200661692e+00 4.035253404692156765e-01 -1.730645770635141023e+00
5.293130340498699432e-02 9.656855209986515975e-02 1.746175346251827298e-01 6.337746670796308308e+02 4.435433533433903008e+00 4.866720905367747374e-01 -9.925748733515880051e-01
3.646742013693086504e-04 1.470940165625900589e-02 3.958882874502043236e-01 1.437431045350556815e+03 7.347777739334889091e+00 4.205307285023489050e-01 6.646604825633339875e-01
2.206841527485470938e-02 2.069215056943013997e-01 3.752004817276609616e-01 1.354036114672136819e+03 1.263092190526623604e+01 5.357635524405928162e-01 -1.536515038076729178e+00
1.213355498845797645e-02 7.401288874530889336e-03 3.592538647807000940e-01 1.301967729844580617e+03 1.108738412894119385e+01 4.246480392398570003e-01 -2.682131737279132566e-01
1.010903648100859413e-02 5.100911757736231733e-01 1.154682607378234053e-03 4.256571276260801007e+00 2.183375115459512336e-02 7.694653025095889998e-01 -1.493412359061637051e+00
5.822591952567610085e-02 2.281943448503238048e-01 9.075884646515275378e-02 3.262884574520797401e+02 1.157882220701423881e+00 7.330785009487140735e-01 -2.168883522777904638e+00
1.957552412134206873e-02 1.054889497125443443e+00 3.506279260228010730e-01 1.383789204661691429e+03 5.657525656585171703e+00 1.798341484276209989e+00 -1.951217894085654159e+00
4.161463507249591083e-03 8.723422705057820581e-01 3.063161260985255985e-01 1.089029348003953146e+03 6.717403156361267946e+00 1.010038348938899544e+00 1.614604002780706482e+00
8.138857914965147910e-04 1.848789621632628000e-01 1.743403349032559835e-01 6.569045408107600679e+02 2.755573736807321428e+00 7.042317837415879023e-01 1.290250176320004050e+00
1.105185717125869473e-02 1.102594271714285312e-01 3.680719090536900290e-03 1.333707562208310371e+01 2.429437787929806386e-02 5.106488879892011612e-01 -2.061914679265342887e+00
2.931759423107533746e-03 7.578701692505360743e-01 2.480493270658657226e-03 8.941812384269438141e+00 3.562933444042766518e-02 9.942874314322930340e-01 -5.843245109338769394e-01
9.787866134377534374e-03 1.997791798172176003e-01 2.238077379329263955e-02 8.237439984906322366e+01 7.745537387108863969e-02 6.280088038581774779e-01 -2.628021757720738094e+00
5.353278944838093557e-03 5.519191023126526763e-02 4.306321749097830054e-01 1.662894902236903135e+03 1.393774043202662938e+01 4.454398716853650297e-01 -1.262119783635249348e+00
4.445382955999534202e-03 2.820660462851222183e-01 2.657754346766469378e-01 9.515147424156193665e+02 7.086072331484452924e+00 9.427851866006243808e-01 -4.228146724489746933e-01
1.509320976518397587e-03 1.384228826955484493e-01 7.529152319702072868e-03 2.760908351096213664e+01 4.697422340381343653e-02 6.152884772004071356e-01 -1.719069655044235700e+00
1.119549523460969514e-03 1.598661646684866600e-02 5.264031265599550258e-01 1.887569868805213218e+03 9.590275069759117699e+00 4.283271108446090047e-01 1.916088801401159003e-01
2.623255031138172454e-03 8.046090611844211246e-03 5.260339836970228111e-01 1.931731277094630514e+03 2.144874364224885710e+01 4.359416691442007386e-01 -7.530751904868961955e-01
6.469048286543677920e-04 5.631965779326020272e-02 7.972357974295685157e-03 2.964210947283059028e+01 4.193088714294134628e-02 4.387394650458203982e-01 -8.265258037590125229e-01
5.448421854703316969e-03 2.356945761612505019e-01 8.498284956837739990e-02 3.076646327623055299e+02 9.029148644413733660e-01 6.077089489300023795e-01 -1.777775328331440363e+00
8.939981885727589506e-02 3.982177095815519485e-01 3.179775704348791754e-01 1.146576476306180666e+03 4.487081111515021092e+00 6.606795200915314137e-01 -2.850341424296889858e+00
1.017481365478893444e-03 2.161515502953515744e-01 2.604681153819305567e-02 9.427324201848377072e+01 3.549201306972617209e-02 7.060472113247173720e-01 -1.444306484293782944e+00
4.325321106124862397e-03 2.467936417915569773e-03 4.195327193931419618e-01 1.567293391989258680e+03 5.786155831261647009e+00 4.150329038897487832e-01 -5.657829287403569607e-01
1.336470834806259833e-01 2.849653392408014185e-01 4.324227691542960605e-01 1.606617794666484315e+03 9.557561639296535461e+00 5.600658913573081099e-01 -2.785083448622334701e-01
3.111401894893468800e-02 1.974235845450805771e-02 4.486331296759676901e-01 1.631995914596161811e+03 1.762583583787494135e+01 4.173821788040522063e-01 -1.226077070886274933e+00
1.410777198537023838e-03 8.664015777733660162e-01 3.483190328004250325e-01 1.338111850700347304e+03 1.368194899427659372e+01 9.214657064890613425e-01 -1.086312037285354526e+00
9.751329070851358360e-02 1.675310724603626122e-01 2.169309651100710321e-02 8.042327488393112844e+01 8.615279098188123597e-02 6.316662678871565184e-01 -2.619285511144085810e+00
4.440797972204671060e-04 1.942660606743504964e-02 2.821162515505629687e-01 1.149300794231962300e+03 7.453141305098164970e+00 4.286907171534131145e-01 1.043342716705153661e+00
1.102121088922018190e-02 4.301702220340485744e-02 1.378154303234051508e-03 4.945148367155021596e+00 2.159056676769412209e-02 4.260435408987838790e-01 -1.998156077633167049e+00
8.073965599242846625e-02 1.763475672797836791e-01 2.118099755329649059e-01 8.055585811125118880e+02 2.236304792387306062e+00 5.270781963765850398e-01 -1.907991629909757458e+00
2.213842189447642883e-02 5.609195240025665052e-01 2.024776883311736684e-04 7.211458670648226432e-01 2.991130149875458055e-02 1.310429330238075618e+00 -1.548547319339055761e+00
1.151140299436899470e-03 1.962159069597184044e-02 1.168133846667668632e-02 4.183713372358157301e+01 2.285812684615902771e-02 4.406430666722507827e-01 -2.042339846780557799e+00
8.500987684809741679e-03 8.489742498662528059e-02 4.494564502766793535e-01 1.679232511013734438e+03 1.373996796817084665e+01 5.308954106621672775e-01 1.130861034017785149e+00
1.007538095954626893e-02 1.970521277544039218e-01 2.187868960960769656e-03 7.931097364765181013e+00 3.211699427595568479e-02 5.791090319589874413e-01 -2.546631043276419870e+00
2.200533542080999189e-03 8.106147445117374284e-01 1.587908263846447366e-03 5.889584997827528312e+00 5.554357496045613657e-02 1.601466996823256661e+00 1.097307855353253592e+00
1.161852105801843525e-02 2.694719866066022304e-02 1.729830853492389086e-03 6.438350656570557717e+00 4.224170531429147224e-02 4.484240551103116923e-01 -2.589112200606427105e+00
2.185396427100103067e-02 1.047908795561378614e-01 4.673003758597322199e-01 1.736275720406542177e+03 1.929786540727685562e+01 5.343049708121163643e-01 -1.742449550497278121e+00
