8.504962005249640591e-03 4.400484770371099891e-03 4.308411351658417709e-01 1.583488371743140533e+03 1.019316977309138927e+01 4.133647614418503036e-01 4.735444247589070121e-01
1.796479472067395505e-03 6.035416083501534724e-03 4.136757410408331559e-01 1.490572707244141384e+03 1.473572401837448531e+01 4.084829751175083623e-01 1.422471081083577005e+00
3.415896668692257679e-03 5.179610598047722503e-01 2.783232770531470779e-01 1.042476056999663115e+03 4.587936613395639185e+00 1.317017174440131999e+00 -2.299213160665563471e+00
1.121758801447685170e-03 1.132357465564303107e-03 2.648977460724952215e-01 9.211544117945876451e+02 3.524810131890871556e+00 4.163076811650172626e-01 1.529254367972774586e+00
1.401242025213607269e-04 7.769974908830916578e-03 1.939366067961528772e-01 9.006742316851423311e+02 5.177102028384267918e+00 4.113070540935905850e-01 1.168400406427364535e+00
2.525214205019050973e-02 1.705231343587481352e-01 4.210045443699878542e-01 1.556755180139938375e+03 1.619152282686316369e+01 6.406730956360353613e-01 1.937233108622276878e-01
7.403117025237489907e-03 5.993571459081364211e-02 7.290015846554707794e-03 2.663090658581492320e+01 2.123034740912456073e-02 4.532129201497659965e-01 -2.371385887769351442e+00
5.676019063136687748e-03 1.008003976054923020e-03 4.603288862840700935e-01 1.776750673962188785e+03 1.926601576209052880e+01 4.032282934811201036e-01 -8.414560737988355799e-01
1.046605335227957520e-03 9.930640457864434861e-03 4.088028275036302839e-01 1.544216135468974471e+03 1.159801286266567466e+01 4.206774532301958969e-01 5.378945999911203257e-01
6.123483665703612078e-02 7.142745723533866498e-02 3.749159377526845027e-01 1.488549390521148553e+03 1.442648726502447154e+01 4.637879214081744861e-01 -2.366143676420256747e-01
4.228917725532846915e-03 8.409065592600581743e-03 3.593881833233727452e-01 1.378336021713472746e+03 5.297194975743201972e+00 4.071292285396240773e-01 5.357323734953904903e-01
2.424326626486262085e-02 9.585524731469258208e-01 1.037534344312315425e-04 3.602722036536897265e-01 2.184711373543664348e-01 1.048392535689668836e+00 9.637450981732103017e-01
5.935713177894643040e-03 8.356192609143919814e-02 4.364108767896783259e-01 1.653948543547927329e+03 5.853721253444184036e+00 4.612408442077137183e-01 6.787874534958528994e-01
7.539319371185282869e-04 5.691111885940521031e-03 2.992559380997271701e-01 1.088527754202076494e+03 6.954583845211280924e+00 4.216253269218345201e-01 1.666236604311805314e+00
5.865486117663086529e-02 6.831069652415614479e-01 4.879205185757375385e-01 1.887551717249497869e+03 7.744356207339274434e+00 7.431654527574178548e-01 4.754212174659591672e-02
9.901052471198070609e-03 2.223677989105974848e-02 3.783167591355339754e-01 1.352216575895175311e+03 5.858757847734708868e+00 4.190697952971285112e-01 1.498787871964190943e+00
2.052808096534842683e-02 4.957574387195006205e-01 1.739723764796441419e-02 6.447842636450788234e+01 3.937502282160707662e-02 8.845722882939244247e-01 -6.958550700125374355e-01
3.531647727809449772e-02 3.178173074793265718e-01 4.303895915946689410e-01 1.570089141002539691e+03 1.432269473718073094e+01 7.385041337903731629e-01 -1.832125988661656324e+00
2.865501136070256524e-03 8.395064313579563287e-01 2.931674933055666288e-01 1.197046196465199955e+03 6.595017555340433546e+00 1.091563692511246630e+00 1.873266996117790850e-01
2.499867096521014940e-03 9.531448630049810244e-01 6.791654563458619440e-04 2.428669466962698031e+00 1.824616020798535410e-01 9.061601572057791376e-01 1.048198331467278033e+00
4.447844738610642543e-03 2.370787163438798847e-02 3.116107216550336734e-01 1.154344831616888996e+03 6.033474217345744961e+00 4.375692432780570185e-01 -4.833482587210805731e-02
7.616382641659941210e-04 1.976071458252778301e-01 3.647913323159098775e-01 1.398422493997939227e+03 1.456840308224855818e+01 6.691750363160020587e-01 6.060961543352221259e-01
2.523568511145114490e-01 1.997586325144013464e-01 4.183340634421991444e-01 1.546791576253617450e+03 1.270516687014898238e+01 6.692707152686084848e-01 6.953285432689916279e-01
3.826075626066589158e-02 3.908359234360750389e-01 7.801722453846218069e-03 2.793751509163726254e+01 3.786887089088578073e-02 7.141446566926274997e-01 -1.205836139096944315e+00
7.943078886353148113e-04 4.655658189919672889e-03 4.596126384828641553e-01 1.652951474377649674e+03 1.358731816063678366e+01 4.041379043883726041e-01 8.903529052201796246e-01
1.638371229816248942e-03 4.320863066965432292e-02 2.421229700543076346e-01 8.999616133599569139e+02 6.107477324915711492e+00 4.503205830851024216e-01 -7.600395451205961272e-01
4.460796278178506542e-04 4.086326447782997334e-02 1.914822662866395853e-01 6.529677029548847713e+02 2.733343303940765523e+00 4.367016428250097282e-01 1.800827045982004826e+00
8.130219203548545714e-02 7.761171893232965413e-02 8.369754439203746371e-03 3.024282175136294626e+01 1.928644996896715369e-02 5.518842425233662086e-01 -1.440943738977453092e+00
5.998600728184082242e-02 1.281341272540048419e-02 4.180749826775129185e-01 1.698264444508005226e+03 5.549703281349191997e+00 4.203557942857962249e-01 2.570891372269260566e-01
1.409027085947442588e-02 3.397942708664276057e-01 2.227417873945357341e-01 7.335009111079757531e+02 6.655493511275555107e+00 6.891760418881821559e-01 1.810607561640755314e+00
2.161055889312671081e-03 1.509248176614193249e-02 3.821141670643513621e-01 1.572608047512816711e+03 8.338149300975208789e+00 4.324846814318412669e-01 5.603230635059301967e-01
1.564465493992645256e-04 4.795469623025226669e-02 2.240933945524691551e-01 9.170119269470826566e+02 2.694063968239712725e+00 4.714298361435820262e-01 1.595784556822923195e+00
2.909176724355564542e-02 1.129180668529392445e-01 3.099507067757227285e-01 1.111344128571820875e+03 3.407431408510550597e+00 4.929073948561484286e-01 -7.782429729910829153e-01
1.755561295737338798e-03 7.083165003811914273e-02 2.832233035592323644e-01 1.080041715542206020e+03 9.694415570536936144e+00 4.414120523627313997e-01 1.062929627441296709e+00
1.395702691519618011e-03 5.454192798261133790e-01 8.050330373294488058e-04 2.961116423203156600e+00 3.590493735615435389e-01 7.494637834590803793e-01 -7.182348137152112511e-01
6.605839545420410727e-04 2.268909541724353426e-02 3.588578930743043238e-01 1.406102664111757576e+03 4.485636220481163505e+00 4.494472995489070533e-01 -1.068270263030290934e+00
1.008422597573083307e-01 6.713386953388358891e-02 3.644508379817205102e-01 1.324806116069783229e+03 8.101535342738108270e+00 4.828338423720986428e-01 2.017114915616930126e+00
1.427316196237840952e-03 9.002696062230503005e-02 3.508028962845430310e-01 1.340590766945901123e+03 9.631987903638009385e+00 5.077344224133966133e-01 9.617606229891959568e-01
3.207763983900796100e-03 4.166437475773707849e-02 4.011944745281766367e-01 1.429014406178895797e+03 7.847259431478359915e+00 4.929492234978313792e-01 1.224011990274709749e+00
1.209840572621355761e-02 3.541507773853030949e-01 1.635149000116850049e-01 6.007398037275200977e+02 2.766176485804745067e+00 6.083293127661115740e-01 -8.815305790600138636e-01
2.177012179453555185e-01 5.520593407810651110e-01 4.090082174019470385e-01 1.594539058320126969e+03 9.374119785010474715e+00 8.049811315367831899e-01 3.065679127205214738e-01
7.562758069742975264e-02 1.831221051615012363e-01 4.078275616352218802e-01 1.645465321957728065e+03 1.637939141330051740e+01 6.177290537701662920e-01 -1.083773108025046339e+00
1.646970590156972487e-04 3.383687543881509080e-02 3.581100410044191218e-01 1.448438671454827045e+03 8.155553207933762039e+00 4.269605366187025353e-01 1.398409260002334786e+00
1.939369000655684306e-03 1.160304114821013172e-01 5.478963202533603492e-03 1.997635075900990742e+01 2.082797348112837982e-02 5.133274786128635414e-01 -6.934998438320627567e-01
3.932594437704085193e-04 6.396866695805474290e-01 8.913261712705348311e-03 3.211822946949656199e+01 1.661392882552251496e-02 7.823702715115575801e-01 -1.054594261810334332e+00
1.459669246397363868e-02 2.162128200069760864e-01 4.198088037266564394e-04 1.496454854327638140e+00 6.311818574666726300e-02 6.848634947499079306e-01 8.766806394865377383e-01
3.602289654059964014e-03 2.228195089279200458e-01 4.423904183302550530e-01 1.578111235771382098e+03 1.265617730107982730e+01 7.208518648236517112e-01 -4.784616435826143932e-01
1.322737493674046782e-03 2.230539465428926782e-02 3.380039566970512999e-01 1.283622519217985200e+03 1.271368844890650429e+01 4.545131437005381358e-01 1.167407544329135405e+00
3.143809832213057594e-03 1.442363918182649508e-02 4.254996662851089906e-01 1.576574640384915028e+03 1.259609203189448401e+01 4.351949241669222368e-01 1.681324933514955378e+00
9.008316097666723169e-04 1.703841743964380068e-02 4.409029329247310391e-01 1.644674823938981262e+03 8.817449585005180168e+00 4.206836824919960027e-01 -2.040732158889408121e-01
3.045299640713432232e-02 2.449632826155072052e-01 4.798422562634906408e-01 1.833153018672011058e+03 1.591637083663828633e+01 5.538548304984154402e-01 -1.188462803074400886e+00
8.017346197900304065e-04 1.030960934361132703e-01 1.065902317538934413e-01 3.908310354099533583e+02 7.922874454466906080e-01 4.753726911771787300e-01 -1.726486242960409312e+00
2.111162294285398762e-03 1.309342200801529542e-02 2.439958427703924349e-01 9.340579743938934598e+02 3.187127749317379521e+00 4.156437915431487329e-01 -1.892951436264287413e+00
5.335538038629520502e-02 6.465423189194646758e-02 5.242988334191168720e-01 2.016557852810104350e+03 2.202863782911478552e+01 4.590921066879613543e-01 -8.732514891296219162e-01
2.663169844960558766e-02 7.698836295910374550e-02 3.982659075818691385e-01 1.608477928493338140e+03 1.081183896281046586e+01 4.605202988308628176e-01 -1.960579844785051540e+00
1.125044805483331814e-02 7.883152481381151822e-02 1.852762305642173014e-03 6.658783994465099276e+00 2.143676030144131550e-02 4.788555007521542173e-01 -1.638531555719958677e+00
4.290940568601057936e-02 6.411216449897791936e-01 2.815677927996096397e-01 1.058503522851803609e+03 6.660790741267541115e+00 9.685701507496816687e-01 -2.154040441019007268e+00
2.340780593042946986e-02 1.861268244434248764e-01 2.216211442863354475e-01 8.426390281485316791e+02 2.182350872028085753e+00 6.558415667912043112e-01 -1.320368785461286665e+00
1.093926724733000014e-03 5.197689730368434263e-02 6.319801514984612137e-03 2.402903585713226065e+01 1.844354460235336085e-02 4.489510983168729652e-01 -1.623793999073034788e+00
4.096522334241811322e-03 7.611054119755623626e-01 1.655785497103138271e-01 6.096275910900943700e+02 3.299199380986690855e+00 1.245327880060004277e+00 1.564151310348579349e+00
9.210962144833419185e-03 7.453427978362708872e-01 2.872784088377946521e-01 9.727443889357768967e+02 5.377191925098280478e+00 1.220400731511861014e+00 2.006529343487368777e+00
3.517903545562985762e-02 4.587171158680971028e-01 2.700817641830530746e-01 8.599340471852430028e+02 5.459797637389217861e+00 6.440394680429009089e-01 2.719705988586865963e+00
1.432649475960169312e-03 2.797301618586593708e-02 9.304055811399024323e-02 4.525853493727434511e+02 1.478563388873931128e+00 6.052312617045478849e-01 1.821466113215776339e+00
3.741997529224892760e-02 3.846280130696556054e-01 4.145734540844490668e-01 1.485164592942680201e+03 5.092310163979862914e+00 1.018391823830090193e+00 1.003716731498808246e+00
9.945837806142670753e-03 1.247119817963864528e-02 4.274823156132416258e-01 1.774295424155532373e+03 6.921991702577570571e+00 4.338442009031751589e-01 8.336495643435213321e-01
3.191125003582144515e-03 4.653413960122173426e-02 2.373741924260710234e-01 9.840991127595801800e+02 7.739651952638553212e+00 4.970184896581244516e-01 6.135119626392678827e-01
6.386928979690914381e-03 4.449034044223015849e-01 1.176200526490925879e-01 4.599212050905911155e+02 1.366731534989786834e+00 9.582745643319424689e-01 1.549131323756315792e+00
2.960221247855329696e-02 5.945078418183067509e-02 4.213308603510507733e-01 1.645346389002317892e+03 7.242987783464156060e+00 4.919603866765523970e-01 -4.147435587411122948e-01
1.242862012768184699e-01 8.636001561142943039e-01 4.914627500248767156e-01 1.827906314363851152e+03 6.479810264530503794e+00 1.496848887378080306e+00 5.427399484657582374e-01
1.262954017415915224e-02 8.976849209813292374e-02 4.223528556089645725e-01 1.489870042730591194e+03 4.881692202010389892e+00 5.599197443043989475e-01 1.388517108590215265e+00
1.682940999891382322e-02 2.551299303096374316e-02 4.130367678631849393e-01 1.539048670882898023e+03 7.149133118030762013e+00 4.450187834002827802e-01 -1.780547870394877608e+00
4.826440003976418570e-03 1.562424255849096666e-01 3.808924407942524404e-01 1.439265787191506888e+03 6.553268978984235105e+00 4.903664371763504226e-01 2.491623500456879636e+00
1.798454868018186520e-02 3.787026141316019584e-02 3.645169842328304655e-01 1.302449713756640904e+03 1.137488149756537581e+01 4.317266650042431153e-01 1.554867002863397740e+00
2.409593912517405626e-03 1.007515717707190700e-02 3.254933263797530896e-01 1.260985077075695699e+03 1.082578796712304303e+01 4.079812805129849895e-01 -5.213082426690727189e-01
6.934888187031148545e-03 2.598974187368392058e-02 3.280989206702664696e-01 1.334909149476533912e+03 7.026314620893741925e+00 4.415197965724176887e-01 5.633689044928487100e-01
1.179760768231188570e-02 4.022816642341758148e-02 2.964851029162102747e-01 1.092303000181476591e+03 6.797723458965307053e+00 4.629974482988047368e-01 1.684416762379293830e+00
1.011653081333702521e-03 1.285476766148472838e-01 7.828488223150759789e-03 2.827978633613441417e+01 4.488343087624486333e-02 5.505966577059324685e-01 -9.653059239634659283e-01
4.443922440914840010e-04 1.434338069280865158e+00 3.621236346238516091e-01 1.311213878684116935e+03 3.414961401178762124e+00 2.328745804779575046e+00 -5.017278050761451169e-01
6.534497301323964613e-02 5.235805828386745908e-01 7.803319913951381470e-02 2.754905041457770380e+02 4.746678690449582794e-01 7.088761639789555868e-01 1.011855422628061413e-01
1.503691644211196596e-02 2.423662932124833747e-01 4.281053587887453937e-01 1.537954594496465461e+03 1.268100086027627249e+01 5.694492976501580594e-01 -1.278810798512077129e+00
3.315980806308106710e-02 4.069039378695174167e-03 4.323824063092261971e-01 1.737710708767407596e+03 5.920209501938096253e+00 4.084125879085994670e-01 1.170465453888088314e+00
2.962103688983013655e-02 1.061994989275402979e-01 3.142948076047790036e-03 1.179885180130300704e+01 5.825563481757369683e-02 4.889010949361234371e-01 -1.209897710521689485e+00
6.201870007940520069e-02 3.634283654992879753e-01 4.759102614465589021e-01 1.774618556645666786e+03 7.959898722424182615e+00 8.105031222935061841e-01 -1.197062661055233068e+00
2.500659140455593551e-02 3.698388917879158466e-01 3.843025162077948198e-01 1.365738298586708652e+03 1.204777682250358950e+01 8.128051649077749907e-01 -6.775226932989375506e-01
3.146377773336361426e-04 2.045476609526281075e-02 4.528657657256338065e-01 1.845799536451728954e+03 7.052575230380760729e+00 4.461395196089394388e-01 9.100956932222858953e-01
2.473476560937236824e-03 1.592560028336568456e-01 3.251395467443609077e-01 1.235205856099831408e+03 5.261304219911938418e+00 5.205887142354014285e-01 1.643732641281612228e+00
1.471503656159535271e-04 2.046791638076672290e-02 3.088865225081111610e-01 1.152118414105478905e+03 7.566996416269162751e+00 4.240044309385022081e-01 1.240335255503334233e+00
3.441512326634867808e-02 2.599545331850003360e-01 5.021323557024853779e-01 1.788940145267688877e+03 1.366593697067230551e+01 5.915173363256119865e-01 1.023051451725776717e+00
1.686511228751478393e-03 5.111725425270820418e-03 3.741598768249436713e-01 1.433724855681613917e+03 4.617830506551772629e+00 4.100559538091266276e-01 3.460875203089092689e-01
1.587560854805936672e-01 4.304877004182987299e-02 3.437198799749809353e-01 1.247060599038772125e+03 3.631773360447860810e+00 4.327871539186573524e-01 5.361749880880273267e-01
2.113181187949202643e-03 1.024281947546463317e-01 2.488256291658691721e-01 9.756428170486301497e+02 4.483128078346258150e+00 5.025141171206946034e-01 9.534551853555383039e-01
2.643074742855524304e-04 8.033047641094293034e-02 2.380859148258612223e-01 9.086178240911102648e+02 1.750428243407171847e+00 5.224747093276922438e-01 -6.350240913500826423e-01
3.029150478209606187e-02 3.358923914889360152e-01 4.066520847385373671e-01 1.535980925963161553e+03 7.920559946501196436e+00 6.879525128794804489e-01 1.139852320519600282e+00
1.443498058265724193e-02 6.757450839268382969e-01 2.956381773976728966e-01 1.318751508225966290e+03 5.101424044133214153e+00 9.447991655773364528e-01 1.236903561389902206e+00
3.766725831215668192e-03 1.234229698137993270e-01 4.573542561220361735e-01 1.792881031010741026e+03 5.665081296779428399e+00 6.256292583242808458e-01 7.444200670847208601e-01
3.260952688992545950e-02 4.088100903508530282e-01 4.253773037925516198e-01 1.594451823565986615e+03 1.677282936416234449e+01 6.438067448075758259e-01 2.192479358009701840e-01
3.465655900481610235e-02 9.319809735114691421e-03 4.322493322131145677e-01 1.616601495491398282e+03 1.861648753371633447e+01 4.185307194406067133e-01 1.478225782440872604e-01
2.829984928133909804e-03 5.614398226559171035e-02 3.548297636418397127e-01 1.370067550465435716e+03 6.134565450052012814e+00 4.972929528325059634e-01 1.203140436645828260e+00
2.348474036062606594e-03 2.026679975253053434e-01 3.409261236353851587e-01 1.269530894583512691e+03 1.104690741139943100e+01 5.713543140460194403e-01 1.116313448866898428e+00
2.824637739327574837e-02 1.590010714498420463e-01 3.842396384746485927e-01 1.373241109067525713e+03 1.375224622651730577e+01 5.475351135708004247e-01 1.583900837738914769e+00
1.079518809971903234e-02 4.577017778693494993e-02 4.550739407356093613e-01 1.566868175451656271e+03 1.380906764647906115e+01 4.467909366204650956e-01 1.511467861094298648e+00
8.176553932058976473e-03 1.201825808053469113e-01 1.589219482395325513e-03 5.462246083038206912e+00 8.208685625198820779e-02 6.229442463152647935e-01 1.821648352318957942e+00
2.802733063032358113e-02 1.896559295085168892e-02 4.737153577734862786e-01 1.823186664698723234e+03 5.529952754251540981e+00 4.333770637375496393e-01 -6.440522504804237214e-02
1.847038784723775175e-03 8.365153515054933597e-02 4.291099574936547145e-01 1.655535451625438554e+03 6.194809677401199366e+00 5.528547239987673390e-01 4.395605593661455757e-01
1.383445440692522696e-03 2.388541466559139948e-03 3.829438779056909548e-01 1.401003512278946801e+03 1.508495346805516668e+01 4.058131149475384114e-01 8.493157189097847934e-03
3.462377352267707181e-02 2.160703633220981967e-01 2.806993961110662572e-01 1.019835314150767431e+03 2.190049729237918186e+00 6.579163480115384210e-01 -2.113052012411581249e+00
4.922982579147946189e-04 1.376059498372780767e-03 4.130267541856999514e-01 1.738293974935546203e+03 6.497917958171867348e+00 4.026377823423946123e-01 1.513895993277786012e+00
2.003572730946508521e-02 1.613524773263280143e-01 1.964353277555825339e-01 7.055070851854646889e+02 4.136887431714541208e+00 7.150478672822802029e-01 -9.479831403698867343e-01
6.752739231669765627e-03 6.873930663579068401e-02 1.903324127013733590e-03 6.845166599972457355e+00 2.049890773428269392e-02 5.037956464866683026e-01 -1.955215959556885430e+00
4.697607906406554325e-04 7.343051402201178357e-02 2.578375324308462280e-01 9.384661715904178436e+02 2.464532911637372870e+00 5.456681733685495583e-01 2.110991080426064259e-01
7.023658217781491957e-03 8.001327433822449375e-01 3.081123837629827222e-01 7.315278025525300336e+02 3.340038500611257621e+00 1.987785413564230996e+00 2.093740747130778956e+00
5.611834981973915643e-02 7.437054434932174884e-02 8.519712769809830496e-04 3.111053046488738261e+00 2.663058734008923872e-02 4.700930327080570237e-01 -1.688580511722311606e+00
5.402902549685177636e-02 9.533200189737225383e-01 7.511114671849858371e-02 2.720133701457608026e+02 4.655488108120220403e-01 9.710103560499461217e-01 -2.374549204908661171e+00
5.076838909050545960e-03 2.618181927206243709e-02 3.151298645329214110e-01 1.166642250578479661e+03 8.650358703607512467e+00 4.226492398059963351e-01 -9.978646833377400327e-01
7.157986929117620377e-03 4.754525909909501635e-02 4.217310065905444660e-01 1.632726623551047169e+03 1.009510021138035718e+01 4.837594346366571596e-01 -1.300833381470966499e+00
9.420274162293534870e-02 3.827344197002638948e-01 4.926301800919040685e-01 1.884660374731817683e+03 1.306725803775862182e+01 7.098919320124853494e-01 -1.615444161553634350e+00
1.013034435797433843e-03 1.937195778330970744e-02 4.199122605901698946e-01 1.587011081293215057e+03 6.450494687370304625e+00 4.235658932219579231e-01 -1.043273548811962659e+00
1.907769616535682448e-03 1.543656179774307961e-02 4.296943511481132183e-01 1.648692783463267233e+03 8.404733320832876942e+00 4.190333786108168534e-01 -8.453771290081060208e-01
5.908110641150817388e-04 4.070704947282174219e-03 4.464264928308087632e-01 1.590133351175211374e+03 1.227645319747930230e+01 4.094057276625515662e-01 7.393982292555074665e-01
6.895907024243593843e-03 1.497362607479139629e-01 8.487461690254933036e-03 3.128873864807453131e+01 1.423959110921668367e-02 6.296617167294592532e-01 -9.922197753474631954e-01
4.542524605188443670e-02 9.792481233494118031e-01 3.564687092971789641e-04 1.256744614333957344e+00 2.818576187258439031e-02 1.390073533398630712e+00 2.092206084645425790e+00
1.476471876301484361e-02 1.434735579647348658e+00 3.173434337562328622e-01 1.226944141913097837e+03 4.334113497169309603e+00 1.990768651036917358e+00 3.710612905645307436e-01
1.075656082970489124e-03 3.039936661119142097e-03 2.444682816811575288e-01 1.034713234879278616e+03 6.186337436816670809e+00 4.054544454045170832e-01 1.468765595004893454e+00
1.664214810854156013e-02 2.398562862510607990e-02 3.702326702023103211e-01 1.416073714587658742e+03 7.996112647725849953e+00 4.169271592153868111e-01 6.091354034363675174e-01
7.558020488289064927e-03 1.539854033296795752e-02 3.516992098462545010e-03 1.267204624587353656e+01 2.297760496817004283e-02 4.251012591057726220e-01 -2.277352595576139560e+00
1.937984273920882045e-02 1.178259796905257034e-01 2.816370288276590639e-01 1.019649470708327613e+03 4.822280925084945657e+00 4.942126361697922743e-01 -2.181072270232254362e-01
4.421288667462350795e-03 5.168784735105143024e-01 7.875362398403520361e-04 2.752384071026436896e+00 7.292314983812976659e-02 1.272950768071721139e+00 1.541496515958444169e+00
7.394101061105839978e-02 5.130373180158874780e-01 3.433124203784638229e-01 1.286471090843922411e+03 3.639116983401046390e+00 8.582518016499813829e-01 -7.144159658393842705e-01
3.088000442903267046e-03 1.076278330309756448e-01 9.004304248203177929e-02 3.382003070350835401e+02 2.346285815086117943e-01 4.725190978397332264e-01 -1.489011074562756332e-01
1.811663177710000350e-02 4.723418330975409467e-03 5.552086829525694212e-01 2.004971098236359012e+03 2.328137746863038515e+01 4.140193174523169040e-01 2.689091541588188861e-01
2.474189467549950394e-02 3.311748276121920798e-01 5.003162008954413764e-01 1.993403284150530681e+03 8.089280386906715137e+00 6.832799034796184223e-01 -8.428711556858338172e-01
1.062845888915777207e-02 3.638676809558664873e-04 9.664274436304779239e-03 3.390513185140309105e+01 2.213124082036326684e-02 4.256303515109925995e-01 9.785431550892291774e-01
4.544388631661613887e-02 2.064686669520069684e-01 2.984186359135734268e-01 9.945196991052747535e+02 9.604306251424704399e+00 6.346699173587617704e-01 1.849869083136796322e+00
1.038252639519135663e-02 3.615755130318131644e-02 7.815558536542538404e-02 2.857567544420603554e+02 5.140403925699298382e-01 4.748944583186317514e-01 -2.234429574595855339e+00
5.983097368538262129e-03 2.754216474306627194e-01 9.892703641915472079e-02 3.562354000660565134e+02 1.009209092267012275e+00 5.535611056514833095e-01 -1.121519382732107939e+00
2.581346943672975167e-02 3.938326862896346925e-01 1.026864438125862089e-01 3.073082412126341296e+02 1.765763924820267894e+00 7.168021404617934689e-01 1.891265993076581609e+00
1.806428988468753577e-03 6.744529888607848911e-02 2.449523428395617985e-01 9.409224662867089819e+02 5.328713853434473791e+00 4.705392486481288494e-01 9.568635681958312933e-01
4.704271177810571275e-03 1.263797185705243797e-01 4.699403156242052959e-01 1.772142877086315366e+03 1.651948026037848649e+01 5.144662114901287220e-01 9.454016894859174069e-02
6.196028177996036656e-04 8.487661100685917059e-02 8.084689759894390926e-02 2.992980776077211544e+02 2.616350122319311966e-01 5.811366736152957513e-01 -2.789066188559528925e+00
6.170527026068198251e-03 4.577199879208426747e-02 3.579502159078807311e-01 1.378037149219727780e+03 4.507773317453636963e+00 4.362653934209059226e-01 8.253861440553927897e-01
4.727160123613016046e-02 5.638893144752250841e-02 3.982054478678412335e-01 1.477709181511320139e+03 1.397290724432370368e+01 4.580623142036088780e-01 3.973315620665463649e-02
6.720186579628073141e-04 3.172050738937727543e-02 3.645866306265295731e-01 1.333701529401630523e+03 4.209136906269108636e+00 4.635279188386742799e-01 1.345503564831675103e+00
3.535947268518131129e-03 9.761479766511615454e-04 3.830442105385895579e-01 1.433656473835645556e+03 9.805792750003838876e+00 4.084027261053352342e-01 -4.934812583516355322e-01
2.394993571336449280e-04 2.351573254183980388e-01 1.733729434528183122e-01 7.941255857077978817e+02 4.860516610149780981e+00 6.057923258554315238e-01 1.459077135213679099e+00
3.642243327225536793e-04 1.199429050729576389e-02 2.906165843248150749e-01 1.166593184005212834e+03 4.615519570486760870e+00 4.083028966272402860e-01 1.485720248884357497e+00
7.184923489787266304e-02 1.442644973024032051e-01 2.141220450381332917e-04 7.863962595890876539e-01 2.055460388741448818e-01 5.244910061341173657e-01 5.145565426083539284e-01
3.340781073120444294e-03 2.027619823070952454e-01 3.009622636238944438e-01 1.161574622903496447e+03 2.995655444945708901e+00 5.961800638933414387e-01 -2.188131473082384648e+00
9.652440488222013143e-03 6.266466187367211206e-03 3.776381053793650411e-01 1.517801218499232391e+03 1.591616228873593109e+01 4.132934935022288814e-01 1.473414573689796336e-01
1.095499862641940297e-02 5.180448285149575893e-01 2.859778195276166946e-01 1.015127714505878544e+03 3.005048007239097707e+00 9.410746017168113431e-01 -6.690157242138224936e-01
2.879416269774901296e-03 3.761941814444079869e-03 3.447454113013994625e-01 1.262976784621878323e+03 5.420930146629410196e+00 4.065148748663375833e-01 7.437845493024748400e-01
4.942916311522413658e-04 8.122371280446145925e-02 2.379527244840915767e-01 8.831214040241180783e+02 2.106711067467642362e+00 4.687766045890698896e-01 -1.635963312461449881e+00
4.044649039467607121e-03 1.969477101137012964e-01 9.365307602682836075e-02 3.938556078300694026e+02 6.637114463920866791e-01 6.129671410593008352e-01 1.305120068874360717e+00
1.612995396366618400e-02 7.093437032592827055e-03 1.912255548411616879e-01 7.180702086817058216e+02 4.891254713125085196e+00 4.141940724257296980e-01 1.850484241123966589e+00
7.206266880809599753e-04 2.949795190570266880e-03 3.434427538872878438e-01 1.330124716153237387e+03 8.263876387660133105e+00 4.055469523284029876e-01 1.558804572599704175e+00
1.506111513589571994e-02 3.810522262492729850e-01 9.568382353973682586e-02 3.532695512674895895e+02 1.827426333226124244e+00 4.256361649762197885e+00 2.090995811744014443e-01
2.860351950567464538e-02 2.015468360554835137e-01 2.096749073125967200e-01 7.331145638587775011e+02 3.384266673289299643e+00 6.755277086024606970e-01 1.722451450214205426e+00
8.584933419809412380e-03 3.672058663589682775e-02 1.678377617757349826e-03 6.175573081238507456e+00 3.984032921166034275e-02 4.383219663700666513e-01 -1.568661325308358334e+00
4.136974743655280617e-02 4.741845694318715804e-02 5.389963556133610112e-01 1.933838163450254797e+03 1.844990815529227035e+01 4.653147020723691352e-01 -3.455763054294235803e-01
4.153584881471958368e-02 4.335155951207280735e-03 4.339608837216692439e-01 1.669747391510298485e+03 1.493061334709390309e+01 4.053017893698125929e-01 3.582605170767874103e-01
9.942095392438720161e-04 2.898493734128899102e-01 7.214736577564243025e-02 3.152324718392883369e+02 1.111235672052204082e+00 8.256500398604931235e-01 8.777278547638575068e-01
2.942755871993711983e-02 5.661900673339749224e-01 5.317784172843303958e-01 1.959865176047286695e+03 1.434218511747944547e+01 8.062909902470940526e-01 -2.372060522733694388e-01
2.151436880655701635e-03 7.057392232905856932e-01 2.373082154842560965e-03 8.593760818869004225e+00 3.300785633328756630e-02 8.877372784243275916e-01 -4.761686831787547147e-01
3.418655833883595813e-02 1.533916082170974082e-01 4.279733851321589344e-01 1.575300908433451696e+03 1.580293459222772690e+01 5.902664734970611837e-01 6.599719335704755663e-01
3.721624077143337490e-04 1.450911150157260278e-02 3.433491262460043880e-01 1.258305139096821677e+03 4.789493309328826776e+00 4.182236247681999641e-01 4.303521679080105078e-01
1.214197998962802429e-02 7.217374691290696920e-02 4.645490624696188009e-01 1.788713545253827306e+03 5.207159193144326181e+00 5.059477435696397851e-01 8.872481061738789476e-01
4.212469613624808887e-03 1.487325044068814849e-02 4.023561655705068518e-01 1.449736000586740374e+03 1.003465302491096800e+01 4.317670358329355751e-01 5.966972997876314189e-01
1.048342534647492361e-03 4.284765020814893487e-03 4.215435747485181683e-01 1.600468171992202087e+03 1.418801766753308868e+01 4.046725908240192959e-01 1.561259443826698678e+00
2.161835498198647239e-03 4.884143087594627376e-03 4.375920539930689968e-01 1.637901200929584775e+03 1.362255150704416629e+01 4.215135856054804675e-01 6.581965441528195293e-02
3.161153428487756267e-02 2.721910868422608432e-01 3.373655102686717311e-01 1.279881652416698898e+03 4.555971123072173334e+00 7.429986216990207559e-01 -1.454427977640278813e-01
4.674000489996804619e-03 2.274825038552149084e-02 2.691272535255297971e-01 9.259947810111174249e+02 5.751671355907482130e+00 4.329418622034895692e-01 1.939446622685375932e+00
6.421998292655956703e-03 1.530525158979756106e-01 2.447152438202033348e-02 8.496476660085706101e+01 6.427725753731011737e-02 6.873124572071083183e-01 1.620025672477049428e+00
1.586123879844074597e-03 2.261464984206900536e-02 4.514706151015740465e-01 1.731713966606260783e+03 1.879681827258293225e+01 4.542934975120442864e-01 -8.939213163932967499e-01
1.997334642555264814e-02 1.166111248510589282e-01 5.850931725810045725e-01 2.093185462255961284e+03 1.831855625092470063e+01 4.655954642462334370e-01 1.710077867316421307e-01
3.213279092365813223e-03 3.320244954616749337e-03 5.313516478216225858e-01 1.971468425115718446e+03 1.515592633064540706e+01 4.050596022146950581e-01 3.589730245625192412e-02
5.342290231659412025e-02 4.033543266505456026e-01 4.425518219060553538e-01 1.627288024562872579e+03 8.973734887482807565e+00 7.514161958341920577e-01 2.468083806484786979e+00
1.265214871037772734e-02 1.611049723443909801e-02 3.994491201005859193e-01 1.517712096290238605e+03 4.817407306175504722e+00 4.428012595474003499e-01 1.473935995486602701e+00
1.542980910877434896e-03 7.508171154858142918e-03 2.131968867940804424e-01 7.508746888809757820e+02 4.217331980564676286e+00 4.172499950383471434e-01 1.122351964664771939e+00
9.289904087442994556e-04 2.379696159367259145e-01 3.905551123330577301e-01 1.507984176373417768e+03 6.479202624761551732e+00 5.749925096640507993e-01 8.675375136386070940e-01
7.017255771923331482e-04 6.098662626878331022e-02 3.023847036763578355e-01 1.134725747203766787e+03 3.494340572654694110e+00 4.780921288401890346e-01 -9.945105623059017352e-01
7.828794795338942306e-03 3.954591636696585394e-02 3.489766647044081991e-03 1.258585299354866827e+01 4.184466765115978093e-02 4.254811262872157385e-01 -1.067803761354064518e+00
2.589507710723467498e-03 2.039693614266283733e-02 1.601522041032487909e-01 5.965053385380908821e+02 2.082984677074762647e+00 4.312023829486608673e-01 -1.459558052315612864e+00
6.960398499214810741e-02 4.766125258412859944e-01 1.647934714250138266e-01 5.301037100585376720e+02 3.720858632919064046e+00 1.171265291767946692e+00 1.647995752127312530e+00
4.862747767111652575e-03 1.197647210273962599e-02 4.138241777371011176e-01 1.467052039090054222e+03 1.588671405300375916e+01 4.213371377791907402e-01 6.782839653650502010e-01
1.692989233977406944e-04 3.184334114146707747e-03 4.346194201661467971e-01 1.659279635110331128e+03 5.826636185527944711e+00 4.164551965563605407e-01 1.108824475499804230e+00
1.600058217728742294e-01 7.495866508121697136e-02 5.540812649444427640e-01 2.055548045997318695e+03 1.177220588726190975e+01 5.211445100054209467e-01 7.310795390795176152e-01
3.902642565237347382e-03 4.553719144875069402e-02 4.793537255071990133e-01 1.768228339358497351e+03 1.550846587312856251e+01 4.346175036069003239e-01 6.061444153525580303e-01
2.586019420052016946e-02 2.116377915638086027e-01 3.790198120947617100e-01 1.390631627268592183e+03 6.232094298904206298e+00 5.096720822825792085e-01 -1.650157095254239703e+00
9.599957782956239014e-03 4.493057292114698703e-03 5.440281824388483178e-01 2.035051005946827900e+03 1.319213521657927224e+01 4.099478146053699978e-01 8.460951718859133219e-01
4.775012553103830451e-03 4.373413502686446762e-03 4.426327207793885887e-01 1.703962985368426644e+03 1.836109973704663290e+01 4.062378418977781735e-01 7.087643564894703374e-01
7.462489711785466606e-02 4.335114923182579322e-02 5.363548825238500031e-03 1.991503562037765462e+01 9.939100421700694521e-03 4.667061572009533199e-01 -2.029474796939792824e+00
5.560735899853355702e-04 3.571563378154175572e-01 4.041561619534804473e-02 1.440462251158251661e+02 1.685530776739420644e-01 6.886927794724895247e-01 2.972111649695665658e-01
2.020078739207128299e-02 2.142084018258434142e-01 4.236306196842754002e-01 1.515623061562336261e+03 6.460997680025421630e+00 5.138112460714061580e-01 1.218404892307119347e+00
7.618111359968569385e-04 1.038740342885164369e-01 8.844821656373964835e-02 3.464715971747740468e+02 7.415589332287014779e-01 4.758471493509996986e-01 -4.769319900084856290e-01
8.667967373902756576e-04 3.034344292829232667e-02 4.016569610145442337e-01 1.503729351213648670e+03 5.509654624465682993e+00 4.561448789253750857e-01 -1.003684606300201176e+00
5.922110488111415830e-04 1.757231288670673460e-03 3.384044569440385897e-01 1.170499017153076238e+03 3.496220799474470731e+00 4.156694979895201314e-01 1.785030121152601179e+00
1.012904633458391324e-01 6.219084040145662629e-01 3.001107464321428053e-01 9.824696260799429410e+02 6.884435710670987696e+00 1.258882251739337210e+00 1.912007384243044505e+00
6.155605414707436551e-02 1.113769691084109947e-02 6.859281285856430599e-02 2.575178688968941287e+02 2.714847833466700888e-01 4.322896550725817133e-01 -1.910150787352492774e+00
3.153776997697865358e-03 4.968281734649876435e-01 3.298181408445929330e-01 1.291663668254413778e+03 5.919869222133661957e+00 1.312407401648016059e+00 -2.669005736093664222e-03
3.710523555232711490e-02 1.389502064200280051e-01 3.585784037699762394e-01 1.387156705869679399e+03 1.157242330877659064e+01 5.653612762195737718e-01 3.291558907299207970e-01
1.725140231015326016e-03 1.936582877965405680e-01 5.878067881917544042e-03 2.136294668093180604e+01 2.135830775132269987e-01 7.669974478279026897e-01 -1.848747170447300747e-01
4.327676444172054437e-02 2.892705212824808192e-01 4.411643747496672430e-01 1.571443285051140037e+03 6.569510326827493252e+00 8.370395043824603309e-01 1.688468625877221241e+00
1.404665468088167266e-02 1.264572439035727830e-02 3.817912645936997751e-01 1.494041813697410134e+03 5.533239137013063136e+00 4.351445354159598211e-01 1.265708879723760116e+00
2.525702653144415617e-03 6.079980658249069941e-02 4.493771837523163337e-01 1.689777392595937272e+03 5.927877038940178700e+00 5.140441925710408366e-01 1.348267854655590847e+00
7.310973966079847321e-03 1.326809423661266418e+00 4.581357799595668912e-01 1.728732909497645551e+03 1.178589614785248152e+01 2.242576354993851773e+00 2.246144818018913913e-01
1.405970066097156357e-02 3.148370717811809633e-02 4.664948436651524810e-01 1.849752367113837636e+03 6.058514047053656704e+00 4.416649608495979429e-01 9.915205520351911828e-01
6.879967935838924653e-04 1.841529476286422190e-02 3.459047064829384177e-01 1.266337032052263339e+03 8.278993250679757665e+00 4.329142085041468579e-01 1.295664789221197655e+00
1.131385013216218254e-02 1.124488211395538867e-01 4.033236714289651914e-01 1.569821446375921596e+03 1.704424994304343244e+01 6.017483530169924766e-01 -1.939371911141723137e+00
2.390068165882857276e-04 7.131906189908806051e-03 3.504999702027018493e-01 1.302438545171933811e+03 8.154848946028582901e+00 4.112240216705440043e-01 9.162282247792136181e-01
2.753763117298454154e-03 2.107407395718358112e-01 3.475330814748835984e-01 1.264887807419689580e+03 7.646549847850094395e+00 6.809412567725212639e-01 -8.058294019708393818e-02
2.312617081014572279e-02 3.764297319400078390e-02 4.934819166319692751e-01 1.795757808120881464e+03 1.901759913931671164e+01 4.247780505975881082e-01 1.234465830966215150e-01
2.742546805203831956e-02 2.905093877346764941e-01 4.841997524159312172e-01 1.678114031561631236e+03 6.206584848628398099e+00 7.123036516767409232e-01 1.778687046141821160e+00
1.741801513499625920e-03 2.000620909265241401e-02 2.430417064716473285e-01 1.016517434151160046e+03 4.394186632033031614e+00 4.328280496077924755e-01 1.779491573965367168e+00
1.747643641031883799e-01 1.898997196361692230e-01 7.733269869210398183e-03 2.843828843232229531e+01 3.649101192632322327e-02 5.848406186309923482e-01 -1.870337558024362634e+00
2.349125881482718239e-02 5.814785458625675030e-02 3.932236950920838803e-01 1.423811183742710909e+03 1.062233021507246633e+01 5.071432075098200043e-01 1.066529705514972282e+00
4.081226716829120665e-03 1.959260205477278069e-02 2.974049679261639434e-02 1.097520075236398469e+02 9.858386846050512520e-02 4.185267854565562495e-01 -1.901009376135393891e+00
1.431698876811781686e-02 1.893376718650517307e-02 3.347418186211076341e-01 1.256271905033999474e+03 6.401212890949482315e+00 4.355573016790766361e-01 1.400453359396220065e+00
2.007773004417026316e-02 1.254370630653322931e-02 5.748596602801068212e-01 2.176980511182571718e+03 9.214276090719913270e+00 4.431414438286645496e-01 -1.450242123630510749e-01
4.897154396527187738e-03 1.450198180076851806e-01 3.892625389487561205e-01 1.448862075909822352e+03 6.718670026023825237e+00 4.930675057506944681e-01 1.228269779039746767e+00
1.863928190464727045e-03 3.048110043052767223e-03 4.431171994197695696e-01 1.544518834232531844e+03 1.144558061531685311e+01 4.046806802752949683e-01 3.502378238089333129e-01
2.525570714877848830e-02 4.840341615790335617e-01 2.308221624343307354e-01 7.582209020390511114e+02 5.119772330161722174e+00 1.181574999000495119e+00 1.194139381664048649e+00
1.878049273034491928e-02 3.776762416254158539e-01 1.538026611128349974e-04 5.558433356215579657e-01 5.575792985129273717e-03 5.938910899771052687e-01 -2.426733162603052385e+00
2.569713242447209064e-04 2.425195208284946797e-03 3.545609907844342601e-01 1.350549971611544379e+03 4.929781324648581098e+00 4.117359843624785465e-01 1.699923638702880435e-01
1.156018703834644883e-02 2.243704002579773593e-01 2.296255573929840803e-03 8.664946286646401319e+00 3.920770419873464280e-02 5.257368861831914764e-01 -3.904382046331799083e-01
4.402707281103876782e-03 7.235862851202497226e-02 2.836881449570440861e-01 9.750303607026939972e+02 7.294323157832125482e+00 4.544308720855898542e-01 1.829095195556562636e+00
2.768415932116943465e-02 6.647216305829890814e-02 3.512694475384066650e-01 1.412301987992169416e+03 5.584868799328605249e+00 4.495886070882063601e-01 8.213286028953606932e-01
1.158905218313441808e-02 8.988709297304808485e-03 3.580902178838399341e-01 1.266891266374252382e+03 6.808559998919167633e+00 4.198884032252833687e-01 5.891489739321895680e-01
4.066686123749750810e-03 1.619726419277278118e-01 3.051199139132199645e-01 1.246502349897938302e+03 7.551421189205621332e+00 6.915133439227006962e-01 -8.673181391869104750e-01
1.991982532122228977e-01 9.678757548638976249e-02 4.278948776995908365e-01 1.519583644533564893e+03 7.877291732273467240e+00 4.925099686027114010e-01 5.748621009435487261e-01
2.326748706677103928e-01 4.328772154922997384e-01 4.253700749787511226e-01 1.614149915773086150e+03 1.298038459821543533e+01 1.237311844722264187e+00 -6.454698786116930265e-01
4.525687634388966818e-02 2.740877044473264117e-03 3.360414782191740134e-03 1.280476023407259767e+01 1.891796569315180171e-02 4.130505915002665729e-01 -2.756210739846649993e+00
7.467800622767656327e-02 5.220295006225671441e-01 1.788944864944849408e-04 6.401677063048656358e-01 1.056547369189951395e-02 8.057753498335316067e-01 -1.699228732530422503e+00
9.790937789441551617e-04 8.621994657272957774e-02 3.149218575056026426e-01 1.192502351729019892e+03 7.105415592548820491e+00 4.580750830050166478e-01 1.842145772770038992e+00
3.547955985701378365e-03 3.744058140705954774e-01 2.467698220970911405e-01 9.117051115830712433e+02 2.223428157531402771e+00 7.079694478912754718e-01 1.179306672194602168e+00
1.239893797208235565e-03 6.750465143033869235e-03 5.136781533903769237e-01 1.731637527744022236e+03 9.690489188528774278e+00 4.241424590805703554e-01 1.681203252437797779e+00
5.352995232115361803e-03 9.203889798257475219e-02 2.346107578973734842e-01 8.637258278670694835e+02 2.498475671919551999e+00 4.912407707926773615e-01 -7.589607672412523875e-01
4.488112430093053884e-03 4.177299163287790523e-02 3.360006848400022886e-04 1.183258215893970178e+00 1.364419708421441557e-01 4.966489732538891255e-01 -1.604755581352909355e-01
1.331385208951946231e-02 2.972653882555505167e-02 3.873703881660738868e-01 1.514646141608286825e+03 9.565008904982347460e+00 4.272391298809209981e-01 -1.675905483092817727e-01
7.679109551700327718e-02 6.278255837303309272e-02 5.765920475900589981e-01 2.095647062355276375e+03 1.050668355159585943e+01 4.620559952356164124e-01 -1.027908711383659135e+00
1.022682011338012925e-02 6.740822813310245465e-01 5.154025459651340180e-01 2.041661715455428293e+03 8.381248520461422657e+00 1.383283000192486956e+00 -1.919040038016951999e-01
7.555507325201856264e-03 1.080296378362346710e+00 2.204029479655068846e-03 8.196857136862680804e+00 3.308373925391582676e-02 2.540295088829471304e+00 -1.727938287886691127e+00
6.561649174321974864e-02 1.330475607058161647e-01 3.487597997225413415e-01 1.390591903747913648e+03 4.163696104380228746e+00 5.867612199198170009e-01 3.912249833452464687e-01
3.538483948047507072e-03 4.735054857529633759e-02 3.712535730563965575e-01 1.354548193929087120e+03 9.203213859180106482e+00 4.386760903073047002e-01 9.047524263278005074e-01
8.205368581447945557e-04 6.392441596020612430e-04 6.699938601919518122e-02 2.457811420999306904e+02 6.225520838168341342e-01 4.193875330866446705e-01 1.414984333025913310e+00
3.618295984167667345e-02 1.326241069128207724e-02 6.325231749039269581e-03 2.284803567529230151e+01 2.042008690255495834e-02 4.265090468141335966e-01 -1.359284442926200764e+00
1.404334178275126136e-03 2.355312361297701162e-01 6.764448554636555422e-02 2.481047668906119270e+02 1.322183449965174118e-01 5.720124518151032955e-01 -2.466325800039023797e+00
1.015920710196418879e-02 4.547178032479697873e-01 8.939991165067140292e-04 3.167447735281344823e+00 1.229157024296022999e-01 1.180916437268773045e+00 -5.246890450631170877e-01
2.252882622978671923e-02 8.181364343469898354e-03 5.005354922225885295e-01 1.834380203992513316e+03 5.652260370623798380e+00 4.183506720221850106e-01 1.685931883458073655e+00
9.487704755571258353e-04 7.613484794529985777e-02 3.594833793944445799e-01 1.289813615864115491e+03 5.791612180734043491e+00 4.719223364073099058e-01 -3.106782649580871469e-01
1.066224974001902517e-03 3.503089794256238065e-03 2.313867061205177392e-02 9.588467185032406803e+01 4.182937534603391877e-02 4.100923698301374709e-01 -2.240220140307753460e-01
3.210610120881351396e-03 5.048243935644203262e-01 4.092595649851484274e-01 1.571425428491241064e+03 5.000101029830213761e+00 1.144069765800884486e+00 2.341828134600566269e+00
2.925098074427056206e-03 8.415808069167033528e-03 3.799713730452818905e-01 1.465536195540710651e+03 4.921163843953142880e+00 4.144418639160431517e-01 6.757564904659697502e-01
4.348742191309653074e-03 1.058211881394549442e-01 1.603749044202881224e-01 5.787721686761874480e+02 1.532071099053716301e+00 5.384586290479518311e-01 -1.094982126288729596e+00
1.264754500368766611e-02 2.835821228299907348e-01 2.527769431565202174e-01 7.785333516282668143e+02 5.524162125701610471e+00 9.006571216677868863e-01 1.605682377225875257e+00
1.945302932802386864e-02 4.796546566839700043e-01 5.612624339306916399e-01 2.023209945426544891e+03 9.071395543977713416e+00 9.170702646641392120e-01 1.504727918172344692e-01
1.376792597265777580e-02 7.241665722711738973e-03 4.400226322724425931e-01 1.645790214154955038e+03 1.040335322115380556e+01 4.331605060806922314e-01 1.177292225215397670e+00
6.230891600502236165e-03 7.659508575438307432e-01 2.686786696652807005e-01 1.005941217241307754e+03 9.162869315187148089e+00 8.223273991161066387e-01 1.867908826955183565e+00
3.825484570813369317e-02 1.177362242121821577e-02 4.911598317507471223e-01 1.869221105359367129e+03 8.639393382907773145e+00 4.187247050557460493e-01 -9.339420630620125230e-02
4.665580848549641044e-03 1.666826723981388314e-01 3.337186809547900146e-01 1.299355490375624868e+03 1.163238374090530236e+01 6.287632308987699536e-01 -1.488150558269458745e+00
1.846781746217271772e-02 4.645233647824108525e-01 3.597697980947960755e-02 1.338825537717598593e+02 1.157418988289331541e-01 7.314696496596196917e-01 -1.631486361543100339e+00
1.231768426795255139e-02 5.774457273975722518e-03 1.752281782155730994e-01 6.177986940473348341e+02 2.512122817905851235e+00 4.195529663165715739e-01 1.468614551953214331e+00
1.884829923528097764e-02 2.359197161009145005e-01 5.200058764196976435e-01 1.970631719510045286e+03 1.760096415619665322e+01 6.309540320525891532e-01 1.258758717517308723e-01
8.158487201721222049e-03 4.361219432438040444e-01 1.287608679660630882e-02 4.819489312123230462e+01 3.020619829357749919e-02 1.149528477712099317e+00 -1.935326872654365982e+00
9.532661812687826322e-03 7.494656399355904552e-01 1.608404838061264774e-01 4.692324894160410054e+02 1.244623411388904310e+00 1.515647407162054261e+00 2.104712035584117569e+00
1.918564234422845058e-03 8.851009711407438127e-03 3.133745388146829680e-01 1.288660874655347698e+03 5.281992236540001606e+00 4.277672244157444958e-01 1.536558556944128906e+00
2.694957501384873718e-04 1.373092646553548436e-02 2.157622459828311690e-01 7.817618673306602659e+02 5.419474446768743015e+00 4.236204340699456505e-01 2.245283637039647395e+00
4.140607758963159996e-02 6.292952659081095523e-02 3.602624234049914831e-01 1.379472427863562871e+03 1.087599773642778089e+01 5.127772977740935323e-01 -3.609882683037648476e-01
8.264848416147338797e-03 2.719894542815565752e-01 1.540259507522475924e-01 5.408958912597702238e+02 1.625992316804855342e+00 8.889211091101583140e-01 1.854112463002005384e+00
5.871814999557103260e-02 7.173659728974188798e-01 4.002405111049934794e-01 1.428119633755118684e+03 6.988732461817655839e+00 1.525322122986555673e+00 6.532043145349238078e-02
3.350341155769342300e-02 7.776841927860966841e-02 5.614441798986909982e-01 2.074706649968345118e+03 1.424025343087046025e+01 4.521377378584107709e-01 -8.113162300616118261e-02
5.748005107004138664e-02 7.479154070187626902e-01 3.154755767956611279e-01 1.145982881357392898e+03 7.266794970020289846e+00 1.824881324092106905e+00 1.873326727709047734e+00
7.995594260605498951e-03 6.539570307213364575e-02 1.519504667583457258e-02 5.555582790227061452e+01 3.664645492281559669e-02 4.460379731067791176e-01 -1.616226840656314057e+00
8.420215461389812805e-02 9.399313023645909926e-01 4.971146340628580518e-01 1.809931822314656074e+03 5.995266701105999907e+00 2.067680127275310031e+00 9.478734835185745333e-02
7.053145585570429199e-02 4.304351133999607670e-01 4.195143247416619481e-01 1.633238222878070246e+03 1.163045291929419278e+01 6.567608923691741207e-01 7.431360649877327695e-01
4.408301961073633063e-02 7.481299643033821611e-02 4.835098772796357913e-01 1.735247300872363212e+03 6.162084931742968230e+00 5.443925305996389907e-01 -9.288066888839399127e-01
5.046160467739248430e-03 1.732425742013979364e-01 1.533437041975012349e-02 5.699497699851359300e+01 5.267725620156565869e-02 7.393401984936559534e-01 5.481354771329933762e-01
7.451394407805052300e-02 1.270985638938654516e-01 4.111776009283728550e-01 1.561788322759280163e+03 5.197907024279042609e+00 4.755957771672855716e-01 9.200550154559810068e-01
3.222625242462323451e-03 3.671462054825680443e-02 2.782327992966300845e-01 1.012425782567101578e+03 4.025823288122843735e+00 4.292185717519760857e-01 1.768168070187829732e+00
1.858174075874275133e-01 1.219388882168870730e-01 3.420079114061398973e-01 1.279096174293605145e+03 9.998584248858163548e+00 4.936017931613150278e-01 -1.239770422788364579e+00
3.081805811987250315e-02 4.727150918362795634e-02 3.723276340701452969e-01 1.371166258397586262e+03 5.237486046766487213e+00 4.363964281674050372e-01 1.169328587903343264e+00
6.382869129710104505e-02 2.115367897276318188e-01 7.286448680657893473e-02 2.709975507573163895e+02 3.423308983127477112e-01 6.471111218552768607e-01 -1.852607257876363267e+00
4.299128848344509375e-03 3.435910394808178725e-01 6.543557849076116629e-05 2.447272261728877518e-01 2.524188465429111350e-01 6.394106772135766947e-01 -1.814217761560399933e-01
9.683589879113765550e-03 6.758426696381086146e-03 3.895823507856779333e-01 1.658921517214355390e+03 6.515507212098578194e+00 4.052069828452343758e-01 9.388647861129998384e-01
1.477842544496373728e-02 1.123662624221102163e-01 4.410948193788125082e-01 1.618134835031394232e+03 7.255287355838504482e+00 4.610812824133295185e-01 1.027713691108943728e+00
1.795381683167611648e-03 2.021671342694833073e-03 4.097390841319635268e-01 1.512932425054111945e+03 5.060884961739852805e+00 4.082237300165880711e-01 7.944630025929656503e-01
1.610711405941907661e-04 6.151612108609169072e-01 7.943538284736716398e-04 3.068366505484249274e+00 1.928459346646968151e-02 1.053224946010292262e+00 -2.098566579746600880e+00
1.128492554397019926e-01 1.811036188679965298e-01 4.176965145870272789e-01 1.593364433719483259e+03 5.536630996348485212e+00 5.552728077880256796e-01 1.413337298624775196e+00
1.577429776649006809e-03 1.017813097108967446e-01 2.985370636083249374e-01 1.102956806137030526e+03 5.356495647445911779e+00 4.687780807434566710e-01 -1.384413812685783007e+00
1.055920863925470000e-02 2.894887719111871593e-01 4.169770786176413280e-01 1.696357642197239102e+03 1.226595210092389365e+01 6.328118582425402705e-01 -5.481482953132125330e-02
4.907578052795817311e-03 5.986631101707781677e-02 3.037069471922774211e-01 1.316803540435046443e+03 5.609475114419384845e+00 4.438067041746732722e-01 4.668826432913732449e-01
1.576945416493609198e-01 6.450478430816352082e-01 9.264903792039435020e-05 3.248828726176283821e-01 2.203864292133533020e-01 9.081766288970813950e-01 -1.692682927206527188e-01
1.814235113368692712e-02 5.370271841477957109e-01 1.776994618232306659e-04 6.372650300512412436e-01 1.424809484023143169e-01 9.288673387096979539e-01 1.004906744664138124e-01
3.004641040360084281e-02 9.816445331505889715e-01 5.038828797100018964e-01 1.961131422381290349e+03 1.372962994444257490e+01 9.786692528852448669e-01 6.273117158398737736e-01
6.586095873218698448e-04 5.701678026027989094e-02 2.618314744597405874e-01 9.491990147250131713e+02 2.557380528482375848e+00 4.505164565744422256e-01 -6.062308050759349642e-01
5.170960469779676584e-03 3.388489585821409522e-02 3.716931607915200941e-01 1.383393238115904978e+03 1.032772095906024568e+01 4.588181137663587261e-01 4.748170403406447027e-01
2.223599752613208969e-02 3.639775829353353864e-01 2.586853007377726971e-02 9.757090554271862004e+01 1.595466065135778821e-01 8.508887923424104383e-01 7.810309110340020178e-01
5.051317514128804420e-02 3.925883630741913155e-01 4.966892071592861058e-01 1.935596509152228009e+03 1.539370804812695503e+01 6.721071927762120035e-01 -7.174114905468105263e-01
2.333310347261700196e-02 9.277088059145052745e-03 3.727265640781002864e-01 1.312682861449288794e+03 1.060354457524735494e+01 4.311084792375434183e-01 -6.568724591990082740e-01
8.665963855322113968e-03 3.334262547691128203e-02 3.416393265439142124e-01 1.205105775863589997e+03 8.554199393991659406e+00 4.321934230678874944e-01 1.185768451471277823e-01
1.875943028455706943e-02 1.806434798197017189e-01 3.664376188125361145e-01 1.366533253974323998e+03 7.665935405987141849e+00 6.323541236508398722e-01 -2.416521237465830030e+00
2.133517724383873423e-02 1.180916160777758239e-01 3.559177020466560704e-01 1.331501389355429410e+03 3.786948572772705024e+00 4.802167270734522542e-01 2.976647821182961673e-01
9.050111248681529802e-03 5.827725522705979461e-02 4.239883388552038723e-01 1.766335784092038693e+03 6.843496821572530031e+00 4.753362078499115406e-01 -7.745319730530648705e-01
6.068441500573709809e-04 2.345269114076634770e-02 8.450560690804732834e-04 3.146316968030551386e+00 5.249126497692898491e-02 4.341654548498185551e-01 -1.961237324733669407e+00
2.371791001423680795e-02 7.639508518412167770e-02 3.835246728243811853e-01 1.460880967943189034e+03 1.199232226107876365e+01 4.538847436680099601e-01 1.505062463942505202e+00
2.262181841932316227e-03 1.106190435910251874e-01 3.756787485050736008e-01 1.465360612493916278e+03 9.412821346342937545e+00 5.177240861696660312e-01 3.740019993192073011e-01
1.149375177090250152e-02 5.968300097356260547e-01 2.544147501008449108e-01 9.074984894794663433e+02 1.972396243607840827e+00 9.464806043029957427e-01 4.257692995496638599e-01
2.763268536918517715e-04 1.647270582707982198e-02 3.492505885862637882e-01 1.243666651013067622e+03 4.379006340255481078e+00 4.423075461847387757e-01 -3.449069538271340440e-01
1.627457654213171345e-01 5.400505570470636174e-01 6.027828547737729137e-01 2.267551133004274561e+03 7.900502630550510830e+00 7.862811668962275125e-01 1.105451324603159646e+00
1.859541205957823207e-03 1.151331089988755912e-01 3.188698774862508412e-01 1.167448169881941112e+03 6.301268038094793411e+00 5.315145544812915901e-01 9.869584163083052752e-01
4.902124609390700986e-03 1.347155798216165268e-01 2.135333373877124630e-01 7.491941338481329922e+02 3.482614482948624968e+00 5.120318289300953563e-01 1.748888377173646536e+00
1.351259603455085695e-02 1.921564895755461383e-02 3.683945399950587785e-01 1.460639634622364611e+03 1.567398559056652907e+01 4.223449543757600844e-01 1.464980011003196025e-01
1.111999056404192315e-03 1.740211863467028969e-02 3.983629807711327464e-01 1.461770560240979876e+03 1.363557000668204644e+01 4.459555239817696859e-01 1.581176870944828172e+00
1.769431224550953481e-03 4.766932885737785314e-02 4.096508080155578102e-01 1.515132283236371904e+03 1.195037618701600657e+01 4.822499506702828675e-01 9.081557839456972925e-01
1.531778491112569321e-02 7.683259633323137432e-03 4.037143855476315046e-01 1.640971075150263459e+03 7.012940969873508124e+00 4.093587858460205342e-01 -9.545547017278481761e-01
1.847369136865347761e-01 2.692690176915126243e-01 5.704788140908393368e-01 2.117584637080707125e+03 1.101318614177898780e+01 6.324421386613950924e-01 -3.752173114987101821e-01
6.791350151288771259e-03 1.317688804503176075e-02 1.959981517219276936e-01 6.974051862723500790e+02 2.580225373248545395e+00 4.258602388407889405e-01 -2.212945229828434002e+00
9.932059793380666746e-03 6.954110195941436146e-02 4.020542420984991039e-01 1.513163589074400534e+03 1.494570676866009329e+01 5.474638241109812675e-01 2.457508668582368550e-01
2.139753181423658945e-01 1.170495441358698763e-01 3.671284648285335073e-01 1.506947771130248839e+03 1.096310758077401992e+01 5.311726960788162311e-01 -1.603166518672419549e+00
6.279534282210264516e-03 1.007256704311314081e-02 3.133883794360962094e-01 1.224003752007984531e+03 8.880774074670485518e+00 4.093442930610950992e-01 3.410082955544324612e-01
1.010163431755683626e-03 6.121765214299398350e-01 6.244408524578025886e-03 2.350330796604983519e+01 6.631638673308398735e-02 1.035692124005067161e+00 3.868513565989747383e-01
5.329619636065367760e-03 1.939474440421248835e-02 3.069927455383182190e-03 1.118576226525889616e+01 3.961931469610747991e-02 4.421411447122108873e-01 -2.361996197475687786e+00
5.847955279133375261e-02 5.187963537025838123e-01 9.373125685580400990e-03 3.385940687168059071e+01 2.209828819369390879e-02 8.165883352019811525e-01 -2.037033215561753430e+00
2.250259311924242972e-02 3.954798260785517550e-01 5.597100267676575168e-03 2.001563907198089609e+01 1.609303641479194469e-01 8.829402450887220422e-01 -2.868523078498760870e-01
7.410217301679596080e-02 6.384661228160924962e-01 3.383300791536125057e-05 1.266921931634130694e-01 9.888917687061615780e-02 9.521791411435901464e-01 -1.808003553725490431e-01
8.441336095816965928e-04 8.220720728271196931e-02 2.593133774383387102e-01 1.083601410268095378e+03 1.104086327161392234e+01 4.906533467468818799e-01 4.882510033128786286e-01
1.374379099149027235e-02 1.287585588632237932e-01 5.692511221227160023e-01 2.135407108252393300e+03 1.083125282622416918e+01 5.207560351393611953e-01 6.615141468708155559e-01
4.023824832913671518e-02 4.879551415367665290e-02 4.156888170847605757e-01 1.421288366250644231e+03 1.521005167546928227e+01 4.759667022457252927e-01 2.172435148705747388e+00
1.662037748107121626e-02 3.269531023090579275e-02 3.673559080049693670e-01 1.318830635715335575e+03 3.718747503648024200e+00 4.441072225869882040e-01 -1.002771432849713096e-01
1.612364283347220281e-03 1.695118419857943176e-02 3.587550481602792135e-02 1.293831866027241801e+02 1.015766060139572935e-01 4.334809221165396020e-01 -1.320588728245257082e+00
1.012782783818792429e-02 1.739774028495752814e-02 4.251567834639460343e-03 1.494723796778607294e+01 5.982321930765602258e-02 4.397123569913002905e-01 4.114758627366024157e-01
