1.321119298371938641e-03 2.395441125839327112e-01 4.630987205426190800e-01 1.745018336651906566e+03 1.772960726257308295e+01 7.869385804257661432e-01 -8.741591735703797550e-01
1.184828786640589743e-02 1.404966273481711714e-01 4.055516355403877005e-01 1.695921693674030621e+03 5.570846657303607508e+00 5.530135052336336843e-01 -8.669664145209341477e-01
9.576465425592699254e-03 4.304086689634241680e-01 3.121174387658686711e-01 1.114057644855938634e+03 6.683224646962543147e+00 6.462227474044114350e-01 2.114685243408448212e+00
2.055160740133291433e-02 2.810325346963339285e-02 4.217248348706886807e-01 1.670553237595913743e+03 1.140047344209629898e+01 4.187784213765451402e-01 4.278679885387364212e-01
1.223094265451642355e-02 1.163352310956836111e-02 3.920487865795417859e-01 1.457540885965514462e+03 1.248653862439570794e+01 4.158925151022789812e-01 1.202460785237509100e+00
1.981800423738794194e-03 1.137690339377517845e-01 3.135455413638107425e-01 1.373086691949384431e+03 4.650861698753208984e+00 5.805545323254962531e-01 5.252756323613028133e-01
2.917305042706039471e-03 2.454685611459144629e-02 3.389520102154170433e-01 1.378535739258553804e+03 7.711806994190609110e+00 4.193837144395867744e-01 1.198279741799291198e+00
6.683153777838428053e-03 4.146711307846381173e-02 3.789348328228803742e-01 1.558925749645058659e+03 1.566497944881152549e+01 4.483276591030038172e-01 1.043975449216915763e+00
3.845374707588752883e-01 1.553885999067886881e-01 4.827562136036421814e-01 1.905229152447146134e+03 1.242244329227070487e+01 5.762222019614835489e-01 8.945932155820792708e-01
1.038169884966297640e-01 6.912177163995408824e-02 5.383803622474168105e-01 1.937887959464607320e+03 1.068455571628612688e+01 4.593161019934514089e-01 1.344522220876426921e+00
1.780544076497013808e-03 1.474153143299746383e-03 3.873396452497120945e-01 1.429389563909279104e+03 1.088231672275125916e+01 4.075727920013570427e-01 2.103580235535299270e+00
6.520644605995280785e-04 5.557165268417000314e-01 2.853628153418965585e-01 1.074499867268227490e+03 5.146591871789452988e+00 1.093482440443770187e+00 2.286740888625416801e+00
1.217422531607715219e-03 7.497860852383221586e-02 2.723744296277161858e-01 1.018936684115884532e+03 6.828126195221078554e+00 5.263357605174324716e-01 1.608169666929355035e+00
3.109909148720027723e-03 1.386054017709498654e+00 5.108280069905924980e-01 1.952993685657434980e+03 7.818065573380301281e+00 1.120321010941492057e+00 -1.643550765477499315e-02
1.076928741552825655e-02 8.686242681325177101e-03 4.623616432985370728e-01 1.829930368874729311e+03 7.667312283882020019e+00 4.091025471239713718e-01 1.629776389866748332e+00
1.571269072099197306e-01 1.401813319564690907e-01 3.998269709268326144e-01 1.622108028175495065e+03 6.351794970615474156e+00 6.462237077942266650e-01 2.781252339941393981e+00
5.462564590755627841e-04 1.276263583271687319e-01 2.370817708575235216e-01 9.939396452587970998e+02 1.013584964571219160e+01 4.943445505992507538e-01 1.337383516914373738e+00
1.147302448847245830e-03 5.339206498304893862e-03 3.573585770623529112e-01 1.388570868797511821e+03 1.140688028027119216e+01 4.065638233383578326e-01 1.600139449428298555e+00
4.909860112193271215e-04 1.406987428041895673e-02 3.521336338986645886e-01 1.366550072244548801e+03 1.385741863326544632e+01 4.154827962434495259e-01 1.855626918704937900e+00
1.358691606218249102e-02 1.228106479368288630e-02 1.174214716386479812e-01 4.135677658476683405e+02 2.161367841522192190e+00 4.253849898337638269e-01 8.230730252515172651e-01
9.395400980416462877e-02 9.670009329221859740e-02 4.566679332965732918e-01 1.696674951983700112e+03 9.107985775792935002e+00 5.173209064574072480e-01 1.872900044429287369e+00
4.168340716273014621e-04 3.097198293678433793e-03 2.660311301618896174e-01 9.718763214154494108e+02 1.669563658891202618e+00 4.150859198950672679e-01 -2.086308806984714936e-01
2.968353727610575053e-03 1.093257283748842040e-02 3.940517070435445302e-01 1.568769789560099298e+03 5.231959648188293954e+00 4.073636054528000927e-01 1.263171854329600219e+00
1.022666727379249463e-01 4.622420410963028470e-01 5.367311575667199630e-01 1.992866158084652170e+03 6.028310584335983435e+00 6.357033457772032214e-01 9.115083449910976743e-01
2.979927067983876177e-03 5.416337088929668031e-01 3.833334808669627281e-01 1.317029882375932402e+03 6.971100709282030294e+00 9.037859290796829148e-01 3.020378478490828300e+00
8.760814369434745397e-03 1.200368147183409825e-02 4.466199258910162895e-01 1.702377675697418226e+03 1.122827932808382023e+01 4.250115000988419212e-01 9.595854747388982142e-01
3.038528758021389470e-02 4.414566028027469557e-02 3.893409250236461450e-01 1.641910682736591298e+03 1.041599171466075013e+01 4.682007902619283457e-01 8.097804672456655473e-01
5.878309305465017395e-04 3.972738131938842628e-03 2.641293307140168967e-01 1.007153983222364786e+03 5.744106928394629108e+00 4.064319747783702308e-01 7.931277030600316635e-01
1.622895379468684493e-02 5.302574421665880167e-02 4.497035074922264841e-01 1.696421833139542969e+03 1.287431056647826821e+01 5.173235444915310621e-01 1.840209992142303408e+00
1.855194655392009440e-03 4.129854114775412255e-02 2.628361212358564236e-01 1.118678768738425788e+03 4.479194001418712823e+00 4.257803176789572430e-01 1.174412840516127376e+00
1.061067603149581408e-02 1.787060042909184299e-01 4.871633592436971361e-01 1.791577284465399998e+03 8.288938072634884691e+00 7.075392946201549682e-01 1.384939040358179163e+00
5.445716644049742108e-03 2.964338643110700066e-03 4.848158505516124706e-01 1.774028087753105410e+03 1.505447814704156251e+01 4.067392517496860593e-01 1.658193340394835458e+00
3.600145935089013073e-03 7.318579273314598788e-02 5.040117490768440955e-01 1.881149741667587932e+03 1.317265495687202659e+01 5.520357789256896686e-01 3.935972331669246871e-01
4.003992989590235115e-04 6.649829623073721420e-03 1.099651835927340920e-01 4.953428237762929029e+02 2.404165943293872676e+00 4.307116514469032098e-01 1.973556390697617013e+00
1.439445820040854279e-02 2.081606978577370259e-01 2.324239472365900172e-01 8.631226731104097780e+02 6.184885594218920701e+00 7.714546287162262761e-01 2.225319743814911266e+00
2.369935902591745365e-03 6.558841446157255605e-04 1.958872058557337981e-01 7.560312676137981498e+02 6.727348124030639198e+00 4.153670718883036850e-01 2.124587003422742093e+00
5.410738022320712298e-02 1.052608518517379327e-01 4.251875133686837116e-01 1.645440047361938241e+03 6.528334212882676013e+00 4.592208959875384022e-01 8.750673624484770485e-01
5.309699882547184828e-03 3.490866074610601139e-02 4.895694475319031097e-02 1.842732215788623478e+02 1.030069006459138625e-01 4.460919412706754739e-01 -4.955023616260783581e-01
2.319160361913137972e-02 5.033110927971731069e-02 4.651235233684588022e-01 1.672930765907635305e+03 1.660066892469677313e+01 4.605110690489924163e-01 -2.655934323949168396e-01
9.355616269684437214e-02 1.283277061868798863e-01 5.444996668344826984e-01 1.908840839925607952e+03 2.128017908001086766e+01 5.143340370838126452e-01 2.186763841128574803e+00
4.400228379927773113e-04 1.109713433908001128e-03 3.587102476528680750e-01 1.195988806663144715e+03 1.277442182836863793e+01 4.029396676717682535e-01 2.309421473116154200e+00
5.687478765052055019e-02 1.347645107325316782e-01 4.516296291609515623e-01 1.697943874682257956e+03 1.359666764442673070e+01 6.677181900077029386e-01 6.731355848012393617e-01
2.172375185802806127e-03 1.172523756559237934e-01 3.733243568192204931e-01 1.395562211978112146e+03 9.923573109393652558e+00 5.593481575017820173e-01 1.753169525000247919e+00
3.309156694449980757e-03 2.074024602877799165e-03 4.030284022120340093e-01 1.490620890754453512e+03 1.021191340558862670e+01 4.089910101311019508e-01 1.587741598268624932e+00
2.872912101639346627e-01 1.784922090558132279e-01 5.557464590926493031e-01 2.124891060958666003e+03 1.784439612729766367e+01 5.343334311390225411e-01 9.643627131211243153e-01
5.956804714829511994e-03 2.213272752569235835e-01 2.644111306825676078e-01 9.997365407707644636e+02 2.754087692165519741e+00 8.123349370980621487e-01 1.574838129089708216e+00
2.982116119271798101e-03 2.350583673977685133e-03 4.081281393683149350e-01 1.471113709952436011e+03 1.149808322950938155e+01 4.047388492204966326e-01 1.614987297117739917e+00
2.871172482134521069e-03 6.465069310130030535e-03 3.260450707346717047e-01 1.164259207024758553e+03 7.512982411201091892e+00 4.162077060116874949e-01 1.729445451503072384e+00
1.091102960123017593e-02 2.043718040357766358e-02 4.435013054834905932e-01 1.679246555467824919e+03 6.683387780492631158e+00 4.280875897599540902e-01 1.765585522350732184e+00
1.221211827907099368e-01 9.916986774092816787e-03 3.257491859979360638e-01 1.109947434824439142e+03 1.266398968244710588e+01 4.335395345419681412e-01 2.291917755873284168e+00
3.504773197623129756e-03 2.445416109760962520e-01 2.882451592956524755e-01 1.022836571117843505e+03 6.354880241391404283e+00 8.570557245207333086e-01 1.881762175433772111e+00
2.172017266818559208e-04 1.364667979401488172e-02 5.129557327749270090e-01 1.876766717787461403e+03 1.819618673831552158e+01 4.283837255454881476e-01 3.906052436442842279e-01
7.644023318979824766e-04 1.885215018849206031e-02 3.183638561614182683e-01 1.255772058583809212e+03 9.955500896572091918e+00 4.375935372701267312e-01 6.625783251084734760e-01
1.096516196865150380e-02 2.256517150952733371e-03 4.468267356914015220e-01 1.676616817828777585e+03 1.105900274734497657e+01 4.057949315343828967e-01 1.682298622996724280e+00
3.300445050558300977e-04 1.963252476925371991e-03 3.301689014547394274e-01 1.262682839432865421e+03 8.406364306344526582e+00 4.105439013592835917e-01 2.400002145502877937e+00
4.787725017623210844e-02 7.713335774255918043e-03 4.478810504641044798e-01 1.701539173266128046e+03 1.612938044785903458e+01 4.258856337204551812e-01 3.412306861572987349e-01
5.688874873875970732e-03 5.039430850636459833e-03 3.652311020458435253e-01 1.586732274229947507e+03 6.426815161283061961e+00 4.302506109223903086e-01 2.254033976132585604e-01
1.710154725031624509e-02 2.801378555737521741e-03 4.099398726169148910e-01 1.529333856405464758e+03 7.451889219219569149e+00 4.109209265648046672e-01 2.043771924133018558e+00
1.272107685447851702e-02 1.930642240301922580e-02 3.532832050089347864e-01 1.304814800999047293e+03 7.453177627222326684e+00 4.278939657418499021e-01 1.148453828026199330e+00
2.249433713361419229e-02 5.054675590899310178e-03 4.225764604928374801e-01 1.540256072296487901e+03 1.514447645169622803e+01 4.275322084051454974e-01 -2.955791254423363323e-01
2.681633584870783205e-04 3.482889073295113852e-02 5.226240780259722163e-01 1.907989723131563096e+03 9.885274527426592073e+00 4.388527830135832142e-01 -3.328370977165887035e-02
2.710526858045120193e-03 4.939358214016613402e-02 4.707831874677790851e-01 1.724194009674601602e+03 1.604363596096683509e+01 5.180698129332192980e-01 8.833066529538870226e-02
1.086163183839204162e-02 2.310098524913391516e-01 3.120602902030742976e-01 1.216359721643297235e+03 4.036499274710275920e+00 7.072632755770326130e-01 2.181292706852570262e+00
2.123308377119217331e-03 7.564305067919874052e-03 3.485704385542570671e-01 1.298492815715639153e+03 3.900781262075488698e+00 4.115772742122632555e-01 7.911039875688237188e-01
7.689953610052926818e-03 3.108123703430201203e-03 3.287195146630426668e-01 1.099915469223309401e+03 8.636885465808250117e+00 4.215589970488653471e-01 2.112678925443735256e+00
1.999424990366460361e-03 6.609435208516179459e-03 2.489115168257992339e-01 9.252507063176884685e+02 3.798237126946016673e+00 4.109526661381714963e-01 1.107994914327118607e+00
3.161299932254347297e-03 1.220762244712817086e-03 5.216095035057285445e-01 1.915188111396677186e+03 7.023740221313627075e+00 4.037430952289735031e-01 2.412055059114970756e+00
2.319399742587651900e-02 1.068123309839265345e-01 3.991166711056655658e-01 1.289891677752501892e+03 1.185073834929706216e+01 4.831290828332125420e-01 2.617107936174510208e+00
8.091732501438302083e-02 9.031358948273320031e-02 3.899231715249745767e-01 1.446917824136034596e+03 1.629340502136427560e+01 5.063198333305831689e-01 2.248042857221692170e+00
7.687566951470833389e-04 1.052695986769158348e-01 2.219086520519598926e-01 7.885166212991857719e+02 2.678711082338772975e+00 5.939099264992125926e-01 1.592112599261528982e-01
1.292198208696576298e-02 7.651345876862425920e-03 3.979311025411518821e-01 1.449001597530028903e+03 8.925557868116758442e+00 4.226551184405796802e-01 1.897448864949365932e+00
1.225410190659407227e-02 3.282236600506191482e-02 4.423379018564264076e-01 1.631094707632495783e+03 7.293913151101262038e+00 4.269865813875217686e-01 1.382790259870123606e+00
7.427932367904102086e-03 2.448091758577184036e-03 5.868700440960523679e-01 2.209158001078820689e+03 1.539427018626718002e+01 4.052206648197096972e-01 -4.941166505840226958e-02
8.913629544083813763e-03 9.634274130210911460e-03 5.791690913129251550e-01 2.118534603121717737e+03 1.000978050522421903e+01 4.098756407324348761e-01 2.475415002188053215e+00
2.262828261106730743e-02 6.190406601815418020e-02 5.206277411258656285e-01 1.976610110092778314e+03 6.800037832789170622e+00 4.404779495087425278e-01 1.025213477293656528e+00
1.641807304216881622e-03 1.096549972367599768e-02 1.983548239015303985e-02 6.935028029778924008e+01 1.153188981848599359e-01 4.367516630461281690e-01 5.853085761096311623e-01
5.129047959921012589e-02 1.469669616885052859e-03 5.198317419214929513e-01 1.963003697358370346e+03 1.194611389248361633e+01 4.041796908010019118e-01 5.995318971295869881e-01
2.004833335827669802e-02 5.625576352982151335e-02 3.559522250609767902e-01 1.287723201540420177e+03 6.504973272153760533e+00 4.383910289940037286e-01 1.505175640869478526e+00
2.068952519833991699e-01 1.279209800663873298e-01 4.605274359925689009e-01 1.717691085039631844e+03 1.827815130019623169e+01 5.194771349462461441e-01 2.537475206554385743e+00
6.193267102242831518e-04 1.026040579986623163e-03 3.679102314038841248e-01 1.408049355996406575e+03 8.329191203376298702e+00 4.038888127697292663e-01 1.465696448984761258e-01
1.247348506203325037e-03 1.713707446415881630e-01 3.832883834918814348e-01 1.489876391460357354e+03 5.716871738728706909e+00 5.075520976210265989e-01 1.832713632793243175e+00
6.488580209753737685e-04 6.299628643506076375e-02 2.976985979059812992e-01 1.138282703844515709e+03 7.674666278183489787e+00 4.707780099707318811e-01 1.203329906190038434e+00
9.218774316310202749e-03 3.918675853759712277e-04 3.923880291514613705e-01 1.463493058113579991e+03 4.782631679415852766e+00 4.064958694468712719e-01 1.756151553700061374e+00
3.297224019013940237e-03 1.017483126754900949e-02 4.030649367642297753e-01 1.552644365938568399e+03 1.302203692630900100e+01 4.070332059572627781e-01 8.189689349349738023e-01
3.237047853406828553e-03 1.492641968953956760e-02 3.738706577824731925e-01 1.388890703756082758e+03 4.648936804401389900e+00 4.329035150286630329e-01 1.488068430761151362e+00
9.659168451629463956e-04 5.238501634291464759e-02 2.891689403418710724e-01 1.147957801151827198e+03 1.015923905913084191e+01 4.488912132507848485e-01 1.962640887861455630e+00
9.667824770382455954e-03 1.150353879289153607e-02 3.655251061218529052e-01 1.372778937897241121e+03 1.061733809087019154e+01 4.239573123826194667e-01 1.490104400600631429e+00
8.986761740721080360e-02 3.307659428611086083e-01 3.581380473612877369e-01 1.216100119948091788e+03 6.927611281759451067e+00 6.358109062423455971e-01 2.509811874986879410e+00
7.852374446925021803e-03 1.489210463713858956e-01 3.876764288689314442e-01 1.504810575626991749e+03 8.739313516888280731e+00 6.506094983075760840e-01 4.219068061166971195e-01
2.043400534932469318e-03 2.082809578789790537e-03 4.124616149264568876e-01 1.774913586990256817e+03 6.539113523113892157e+00 4.122962832310187453e-01 1.062811924748706893e+00
3.660015997965000711e-02 7.220157211667418418e-01 2.976123834407448654e-01 1.001636085694386111e+03 4.324416466270764481e+00 1.737705643959432500e+00 2.730298329404455160e+00
3.236515919056351235e-04 1.997855089124581443e-02 4.765990735051395810e-01 1.810756370856247031e+03 1.030531748139864412e+01 4.132190823691875292e-01 2.305077169034884577e+00
4.327958893426432641e-02 5.691984910797517200e-02 4.619536668607170937e-01 1.795884374283387160e+03 8.512877685950524409e+00 4.622463470458894053e-01 9.161145519288901862e-02
6.253049690818661063e-04 2.112820977059169658e-01 3.441054414423918018e-01 1.348472104468221232e+03 1.519492192317019708e+01 5.304331591592894579e-01 -1.809597100965226746e+00
5.118332132204128464e-03 9.250057354528104254e-04 3.706421633252415804e-01 1.398730780544560275e+03 1.599473243619649665e+01 4.106897878479735531e-01 1.988948701554116294e+00
3.176709370703178006e-03 2.644740990309258494e-02 4.454501582016229255e-01 1.598070858751573496e+03 7.060954766704711005e+00 4.379804744895465785e-01 2.136179233735677752e+00
9.524928113443024286e-03 1.252820075689576327e-03 4.233453853995510219e-01 1.708574529728365178e+03 7.667332574263128642e+00 4.047412478652887557e-01 1.102672056127937505e+00
4.349948790707890839e-03 2.897821669287533458e-02 3.254987553790392174e-01 1.181268090866298962e+03 8.382509338849841285e+00 4.200962270086338601e-01 1.804266368185442282e+00
5.693083373916609739e-04 8.422690448585332113e-04 9.044900771113587035e-02 3.296043540502834617e+02 7.936980260433096346e-01 4.051429529670267926e-01 7.962580295556932475e-01
5.374633499123051238e-03 3.641200172761163700e-01 1.526069435674308472e-01 5.658826409297016653e+02 1.582811916717574929e+00 1.018058988087123140e+00 5.085413165512957523e-01
2.984000466277854976e-04 1.490719799649386709e-02 2.185646101293179377e-01 9.395552580264070457e+02 7.763858319519971296e+00 4.291806688243831602e-01 2.509449999078106508e+00
2.039013313306876629e-01 1.652942093990361072e-01 3.956835589641721218e-01 1.407758739265534814e+03 1.266272452155182116e+01 5.307126672301639703e-01 3.121981029792859186e+00
1.344324031716701787e-03 4.423621727936236092e-02 3.096625361273458443e-01 1.256389624385963089e+03 1.249677035574290151e+01 4.721475620197261303e-01 3.804134045236421957e-01
1.108643471115481650e-02 9.702949500813861095e-01 3.944495264250572619e-01 1.391723020841867083e+03 5.264770513850755229e+00 1.411172115338020117e+00 2.063366021846306797e+00
2.282301780528666040e-03 5.425434329597178529e-01 2.311299418954972651e-01 8.328545572452851502e+02 2.491620348196228019e+00 1.162468839023104383e+00 2.150922243828999658e+00
8.225525780102492177e-03 1.029403984746732753e-01 3.772452895577987908e-01 1.482619757925774593e+03 1.364414093311869713e+01 4.678666318381216604e-01 5.781369807191654164e-01
2.876496290445813495e-02 1.606200766964597515e-01 5.086437574206094103e-01 1.896800849784778620e+03 6.526025244061148811e+00 5.236761776366228860e-01 1.979933912117637140e+00
3.753903684912546766e-04 9.026136835955130347e-03 3.693177508221738292e-01 1.452275280866589583e+03 1.316730833419569180e+01 4.156565963987215451e-01 -3.330763298152469298e-01
6.749173734630944423e-03 6.913852169584523422e-01 3.737997259579223241e-01 1.480418293305181805e+03 4.683646878391862778e+00 1.101618315965982919e+00 -3.679549824357510324e-01
1.907274494072017058e-03 6.924039723025229853e-02 3.155818660457835323e-01 1.255227869407910930e+03 1.277751406728541284e+01 4.437009520471588697e-01 2.246169840189945255e+00
3.602746011415636912e-02 7.544741861478440059e-01 4.660502873990629014e-01 1.671501210974001879e+03 8.375693025143501558e+00 7.877974973465208253e-01 2.820613668139871688e+00
1.181615693684280599e-01 1.416553850698831218e-01 2.363052439515481162e-01 8.606769605274711239e+02 5.715215586928827030e+00 6.297583544391366361e-01 1.334320197160250521e+00
7.773232371802990016e-03 5.980181033938045676e-01 3.808490912740821188e-01 1.376014176219400269e+03 5.601569188963943624e+00 8.956547009044490970e-01 2.269902134612237887e+00
1.357286120104718408e-04 9.382555666799428928e-03 1.624606982257955634e-01 6.884942870270149342e+02 4.669234142508490670e+00 4.158103933692338106e-01 2.373228598265530120e+00
4.921257627307485533e-03 1.931877330062199694e-02 4.359975303415847825e-01 1.657730890252549216e+03 9.854324563429335271e+00 4.145483103555865356e-01 1.075767345103046502e+00
1.541677917286961861e-03 7.425613445099525124e-03 4.841289763558714876e-01 1.781059409825951434e+03 8.616359790051294709e+00 4.116911455179741441e-01 2.373503016840651514e-01
4.533603154635814335e-03 1.533935894242790220e-03 4.869739452949989889e-01 1.966610405150217957e+03 1.490556669456122840e+01 4.227093579045550498e-01 5.322491875719032040e-01
1.027809026567209775e-03 2.384733141022425396e-01 3.889879732137940249e-01 1.433220283151955528e+03 5.824043010806118303e+00 6.400794748353094699e-01 1.727808556059732714e+00
7.205330346939373132e-02 1.698550054932715103e-01 4.224342921298658293e-01 1.484564608800567157e+03 1.245783765786725716e+01 6.370936008454238797e-01 2.138610444997318893e+00
1.193344819947605648e-02 4.255133390408252225e-01 3.357988303270953434e-01 1.234675534578154611e+03 4.960920487509591581e+00 6.402995137610215659e-01 2.448204777839693147e+00
2.403418727985781080e-03 1.063304391315088304e-02 3.308176036984910584e-01 1.243315050196741140e+03 7.640415018225873212e+00 4.352083305601764929e-01 6.043227264437371904e-01
3.014139225065897570e-02 1.915662086247671980e-01 3.098062505011194845e-01 1.209504816952732426e+03 3.882587935396312862e+00 5.150824241408515913e-01 2.977604813791107752e+00
7.809212234863646815e-04 5.889623724736409854e-03 3.411769920179398285e-01 1.251835910883566157e+03 1.024496886825640551e+01 4.300713326244302581e-01 1.651953610846873310e+00
1.576490722496305674e-02 4.962931300847726185e-02 3.937023811876196877e-01 1.467519980721670208e+03 1.002778407405507366e+01 5.039239357011707776e-01 -1.857838418692963067e-01
4.484678834517901043e-04 1.091736750331083056e-01 1.712253602260200777e-02 6.467361481144124014e+01 6.242881885522141849e-02 5.313143509944378007e-01 -1.659189882095456481e+00
7.960281306112442293e-03 1.077520413983311109e-01 3.707815651030481607e-01 1.317077387986396388e+03 1.074502000313889205e+01 5.193412317030901004e-01 2.292295639310597988e+00
5.543002730076129758e-02 1.050488943388997766e-02 5.669178330768739338e-01 2.225715492742630886e+03 9.772010232372398519e+00 4.087506991833540493e-01 1.536906827555397426e+00
4.112257723464636527e-03 4.912960239778481342e-02 4.841987544295233703e-01 1.711488719914530748e+03 1.558830104285813789e+01 4.845697254363589002e-01 2.298928622949989897e+00
8.189639002915303709e-04 1.883648974134509956e-03 3.031327629176268079e-01 1.059587789068050597e+03 5.756597194306242393e+00 4.333507824826056676e-01 2.154636998891110711e+00
5.241410685579943459e-04 2.144982287438962527e-03 3.495409477948683286e-01 1.344994433372356525e+03 1.273050219455243770e+01 4.048607608127564039e-01 1.567952785483264444e+00
7.300757283675308670e-03 1.293961366840433620e-02 3.609349125983623008e-01 1.384689313696129830e+03 9.392869219878271281e+00 4.270403065250835684e-01 1.838593189793660709e+00
1.603030345079380636e-01 3.040354222639341311e-02 4.321442667884570210e-01 1.568156837797994513e+03 5.167454253336438263e+00 4.301778967005492893e-01 1.880897253287272530e+00
3.663659900117634260e-02 3.987222148572885233e-02 3.588362580978409211e-01 1.325523162555657791e+03 1.466300677928664875e+01 4.246435138872045600e-01 1.953290858556599119e+00
2.632556640158012842e-03 5.158432214044523373e-02 3.593682956434116060e-01 1.463034305707864860e+03 8.420681948162183517e+00 4.350350236326551712e-01 5.126530083068502330e-01
2.353010561348436724e-01 2.987927732785790602e-01 3.867206036031608507e-01 1.457637632610028504e+03 1.114841512114869815e+01 7.101303802905944984e-01 2.145122974001781646e+00
2.302436268165869437e-02 1.392824110555658024e+00 3.935434134836474085e-01 1.371741269831735281e+03 5.579218680349277371e+00 2.257472303011083703e+00 7.293897091594198079e-01
1.599916699162921008e-01 1.771692213703598695e-01 3.696008913719092126e-01 1.399134483259966601e+03 7.099539386230204308e+00 5.312267510799860704e-01 6.008223475402630909e-01
1.978234915961580610e-03 2.830114565014307804e-01 3.588632696458642357e-01 1.334897493968119761e+03 4.669221102066461349e+00 6.949871318933065201e-01 2.231658282429634266e+00
5.870559332051047963e-02 7.249972160445053992e-01 5.361874728832254772e-02 2.784841803733514780e+02 5.715462122056738092e-01 9.960470637810264760e-01 6.322630057570896023e-01
3.182269248226513286e-03 3.747249740128474338e-01 1.166759206624251241e-02 4.475809831891767487e+01 4.912257885695917731e-02 6.609994351529706602e-01 3.426153781718910274e-01
1.948558301994583828e-03 1.509524880883901868e-02 4.366478755571177595e-01 1.708210073853267204e+03 1.173579602530673682e+01 4.274729390990258393e-01 1.538032695765146007e+00
2.853159891316598556e-02 3.956308999411170535e-01 3.488808269973281972e-01 1.292219588662143906e+03 4.315727157448990603e+00 6.435094116635455830e-01 2.768332086744439646e+00
2.208946442391712499e-03 7.278209176045551121e-02 3.692715524043087005e-01 1.350721249804493482e+03 1.216530885606266388e+01 4.436545133188243284e-01 1.227065480947651110e+00
1.434039174122116102e-04 2.513623628710875448e-04 2.911048627784941223e-01 1.054417329771553568e+03 6.664876416262411674e+00 4.175356336444490113e-01 7.271870521847381141e-01
1.938294867359464380e-01 1.600402608806020532e-01 4.940826864202702562e-01 1.821499145391193906e+03 1.808308901475821528e+01 6.956107418395233166e-01 1.564762564280809842e+00
4.373251631795036648e-02 2.725649315458271715e-01 3.466735615130932535e-01 1.346950440364945507e+03 6.352837279011266602e+00 7.293042811011772875e-01 2.444350851579759176e+00
1.670691634521618771e-02 3.639368113130836413e-02 4.007673291436010810e-01 1.598964218801644392e+03 6.178126409444976375e+00 4.553910027483045186e-01 2.081141411016409482e+00
8.158682714347952752e-03 1.959096753798912349e-01 2.611202369544191873e-04 9.827610903733290382e-01 2.433707078846566174e-01 5.641215062093676291e-01 -5.102396809810352124e-02
4.870782119891161818e-03 2.270415848768413472e-02 5.396002610662036236e-01 2.045252559887447205e+03 1.750628803814704071e+01 4.441550865153098826e-01 2.774902445380217908e-01
7.371498257174969671e-04 5.564498389075163420e-02 3.197953605690054268e-01 1.238248256815077866e+03 6.083970878954870543e+00 4.805937027228751601e-01 2.332131235791250923e+00
2.359136863376832226e-03 1.861818551790823603e-02 4.818622620212401064e-01 1.943143849562038213e+03 1.559154586782767815e+01 4.248348217559072548e-01 2.340815878063164102e-02
6.073282117194682937e-03 1.949690733743040527e-01 3.935633403741055636e-01 1.515160009971680893e+03 1.210833208080233803e+01 5.114900163368703012e-01 1.402072060318466429e+00
1.267582036894069307e-02 3.790718758363454399e-01 4.123732673658229153e-01 1.541400758346109342e+03 9.172454624071558982e+00 6.296703757646735511e-01 1.613490120029490160e-01
4.533744929491064640e-02 4.077347008209158963e-02 3.684098665296270947e-01 1.485291816574865379e+03 1.283171477968492091e+01 4.594023673988495426e-01 1.098921034937712760e+00
6.338902623415155861e-03 7.612092084160984040e-01 2.698188009276676902e-01 9.752344292096902336e+02 5.297258831308864657e+00 1.559987100004049054e+00 1.892755867547053272e+00
2.123239252338602560e-03 9.915629612826916406e-03 4.142024871990107049e-01 1.545400910575505804e+03 9.348539855734442128e+00 4.100503080722749938e-01 2.348810652086221751e+00
1.360982807185232880e-03 1.461267699328472553e-03 4.140660392302824011e-01 1.529637343501453643e+03 1.068581124770755864e+01 4.184765920075501633e-01 5.666433653751282717e-01
2.427462624362088095e-02 2.978072727280535181e-01 3.162460399672423206e-01 1.171862544347764469e+03 4.998067205615890352e+00 7.796191311278806158e-01 1.993974647980108150e+00
1.352406454921645934e-03 9.385969378686714881e-02 2.055414179692240662e-01 7.449886826671305471e+02 3.761963606416333317e+00 4.918965514334858735e-01 5.201772699965810931e-01
1.852478520273790827e-02 6.317491321668760040e-01 4.184590257728503238e-01 1.618872073910892595e+03 9.606260410595764299e+00 1.590154577122089297e+00 -7.937936284033151324e-01
1.093400188683231813e-03 2.393729889591222904e-02 3.202353872581648053e-01 1.233042392084935727e+03 4.554729337721175497e+00 4.519083609404831448e-01 1.302646140441820144e+00
5.902573238905560633e-03 1.906302720923114258e-02 4.308404460745757780e-01 1.846550289434789647e+03 6.362939075673144984e+00 4.331679827844888142e-01 2.357798292854901834e-01
1.127144056228989930e-02 1.317037746766875683e+00 2.600201744703775630e-01 8.993511039415694768e+02 2.106635461654231101e+00 1.502208229136659856e+00 2.121193022473068623e+00
1.251658395681098657e-01 6.857365659520255063e-02 4.765483761654766282e-01 1.838356344451018913e+03 5.820260758209012231e+00 4.662893241698794489e-01 1.691485773128222680e+00
1.299218781178629323e-02 5.244460587401061219e-03 5.004575330133934630e-01 2.027684686063875233e+03 1.159496458883675096e+01 4.060624553951097671e-01 4.330557112604387915e-01
3.156188451402713868e-02 5.005624722899194579e-01 3.221201742750598365e-04 1.128654767442591300e+00 1.538115045955300852e-01 8.646214383968517936e-01 7.414338931672239674e-01
1.195695646701158341e-02 5.609217500298110774e-03 3.389099062251245131e-01 1.266478369797560845e+03 1.191007945446047245e+01 4.233269600071015715e-01 7.314984341132476642e-01
2.857427178088311082e-03 6.484650868665976786e-02 1.525938319044344883e-03 5.784199622903463123e+00 4.921851475222279587e-02 4.815651204283652453e-01 1.654844701640111104e+00
8.346254296735433967e-03 5.295471421051740624e-01 3.844248666540818204e-01 1.564000919711680808e+03 6.717818786269873499e+00 1.111319154932147946e+00 2.757131544132238599e-01
1.533482488284477595e-03 4.829760939086821976e-03 3.874642150009490749e-01 1.249457507746777310e+03 9.817531014440291415e+00 4.282779283673997517e-01 2.210725788614670506e+00
2.840591577829250976e-03 1.270855194885301964e-01 4.975059106223783112e-01 1.925916178415698823e+03 1.966820989311694845e+01 5.118292485845277184e-01 -1.206538156691840807e-01
8.214549210326438367e-03 1.770411428860475117e-02 4.633231320693040334e-01 1.724338557317130153e+03 6.867242459490301876e+00 4.312866207562928711e-01 -3.793101663939312668e-02
1.525495311845600187e-02 8.405886480482483991e-01 4.015867783885040398e-01 1.474293338388643178e+03 5.294815158694086143e+00 1.553315907131633367e+00 2.278202210469712163e+00
2.157395745155984979e-02 2.505812344311868917e-02 3.862775603858573104e-01 1.480947557755728212e+03 6.108279823424688004e+00 4.184010510840657227e-01 1.522429711475869585e+00
1.908616223842976925e-02 1.647781657280417839e-02 4.586438008774155750e-01 1.995157700337566212e+03 7.831209272814987798e+00 4.294590756468442683e-01 2.426276926999892947e+00
4.677693239899544109e-02 8.126531179030137275e-02 3.249009238527204024e-01 1.108116279231143608e+03 8.979686461374910778e+00 5.205133848302719857e-01 2.018875789985990821e+00
5.681159620885981032e-02 5.445003512878267005e-01 3.127372478463334993e-01 1.179433790434270577e+03 3.836102618595563563e+00 8.116870945075510546e-01 1.671613689738333797e+00
2.530715749022866695e-02 6.889838805472740801e-02 3.584439181343044289e-01 1.222153086960452356e+03 5.149249845993512764e+00 4.695501470401870492e-01 1.785690332655573087e+00
3.085493758337685272e-02 6.001240775730567328e-02 2.482059362226620575e-02 8.711531521378343257e+01 8.466341813875553901e-02 4.996416888596859618e-01 1.776126383204595482e+00
4.607623533174894093e-02 2.085288671259991067e-01 4.963149302697549281e-01 1.980761406513775228e+03 6.291177242203906950e+00 6.772102356587303973e-01 1.648940542657393538e+00
1.228590373229138675e-03 2.344187897884093211e-03 5.496543249652808827e-01 1.974829427082327811e+03 6.114882258287464900e+00 4.108624065842590434e-01 1.457064933503521509e+00
4.324359213459512408e-02 3.758372188577095707e-02 4.870148777355189362e-01 1.962066597036237681e+03 2.225519100472312317e+01 4.682164658462077966e-01 1.682818555793597348e-01
5.500113931974894704e-02 1.025313498495592918e-01 4.216327335232158413e-01 1.595595684437548016e+03 1.012077432188057813e+01 5.521772779778366669e-01 1.071520654995997024e+00
3.343479336580296949e-03 3.244247878464108503e-02 4.509616117998991314e-01 1.742153736722829535e+03 1.888232905918113858e+01 4.351375942834719290e-01 -6.678473734366033865e-01
1.026988418007144469e-03 1.940895222131094888e-02 3.906609134521346616e-01 1.447404462021671179e+03 7.263662595215103046e+00 4.347349795207166578e-01 2.264739720678910384e+00
2.102480081345943150e-02 5.463799006915021073e-01 4.496917652618495284e-03 1.588395553555136352e+01 1.670816445984930898e-01 9.885891794746789474e-01 1.395349866847518827e+00
2.347471523294215531e-03 1.337226709786588745e-02 4.448304974372036535e-01 1.787498639191805296e+03 1.404064309222115092e+01 4.159061989803693460e-01 1.436523648753948557e+00
5.718627878558957961e-02 8.410082087205694723e-02 5.171925390763405517e-01 1.902118954866640934e+03 1.554753719855601268e+01 5.342706721999279651e-01 1.161503655170315730e+00
3.908855498597907895e-03 3.812403833775299903e-03 4.117133084705645873e-01 1.480791959032629848e+03 1.135156739839359652e+01 4.132967587490903871e-01 2.044028697275837470e+00
7.215370336312331746e-03 8.046620284465941242e-02 4.880571983626644794e-01 2.002563455146643946e+03 7.621071014274680699e+00 4.567336948707644284e-01 6.539099352645679764e-01
4.407133294473937132e-03 7.445389372180646337e-01 1.507197564140900781e-01 5.003552690341345510e+02 2.604213514643900940e+00 1.314155388062019147e+00 2.516722162684445596e+00
5.048865702704481012e-03 1.230868773021118884e-01 4.029548238900096391e-01 1.462886365705411436e+03 8.997147786742541342e+00 6.174304893357294155e-01 2.678737020855173623e-01
2.582837018943616361e-03 9.273464183128750371e-03 3.479326586005269117e-01 1.409435308425133599e+03 1.538065354288779218e+01 4.110248013966903979e-01 1.005609605953517782e+00
9.684653559194705830e-03 2.871529368909314303e-02 3.888443152709257777e-01 1.504949285719594172e+03 1.147683848923086281e+01 4.476597962928072771e-01 1.250932155302055149e+00
1.182616571855199528e-02 4.352660223786759819e-02 2.389847811566613300e-01 8.478476167628921303e+02 4.770473983298429310e+00 4.640340470064678313e-01 2.042725961555654557e+00
