2.708428291012260868e-03 5.729726785724810201e-01 3.359454363076092736e-04 1.863583010306568921e+00 3.122785649811267161e-01 3.973709157660124003e+00 2.950762845834649983e+00
1.464576761630664121e-04 7.304471759780694186e-04 9.254164151535904104e-04 2.802339689850438020e+01 1.666216335052748354e+00 8.761289417304543026e-01 1.815901969225026003e+00
1.172586615973426330e-04 2.607309545590950494e-04 3.382353904450381070e-04 1.952325668068995546e+00 1.703188062093093258e+00 1.364440572893798498e+00 1.587341981893834131e+00
2.221801938156720089e-03 8.797613579852529841e-02 5.979969430102096859e-04 3.468017100308011358e+00 6.260633464669203008e-01 1.763788236533399445e+00 2.581906199185008077e+00
3.639184408903993804e-06 4.688314151150106786e-06 6.017207258390975394e-03 1.312517052315189119e+02 1.569859725310584597e+00 1.086199549417859345e+00 2.020198203224831346e+00
2.847454939577901724e-03 1.656245474121003161e-02 1.112863265427521675e-01 4.771473907651961213e+02 3.482976092489713071e+00 8.513091701639423636e-01 1.673888226833411208e+00
1.766539767487832965e-02 6.602752760089200708e-03 1.331838311730209907e-03 3.449049248323206474e+00 4.801366877656361720e-01 7.789464236712344558e-01 2.677112347689809102e+00
2.944069023196197517e-05 2.775667737218615906e-03 8.978731994907353329e-04 5.435514145185104340e+00 3.304190946110172056e-01 6.288213154079974609e-01 2.646764533969200528e+00
2.105335578778899598e-04 1.195314060072075272e-04 1.026117505894927947e-03 9.111230803940983947e+00 1.716802773204055388e+00 1.125091454816000258e+00 1.865643112907262813e+00
8.646232549428136890e-03 2.432720658324684371e-02 1.245887712240409811e-01 5.768762180809028450e+02 2.577874477163548672e+00 9.674023010263600453e-01 2.317542666910323845e+00
1.275854536070823242e-03 3.878586560122272188e-03 5.294837399116860376e-04 1.959896534459905748e+00 3.457471894747087826e-01 6.608682551097672109e-01 2.898983027781583566e+00
3.136879562790631775e-03 3.006397169823573235e-03 1.752514628299651556e-04 1.010839388948137296e+00 4.705007249073157594e-01 6.034795104833812207e-01 2.908488513589262414e+00
3.462934801193614381e-02 1.334148428308791490e-01 5.682174146042153374e-05 1.616855445926965174e-01 1.528227306305404154e-01 1.896978322267258044e+00 3.003144658674390399e+00
3.214684274613586849e-03 4.792783313103908538e-02 1.094474915018643114e-04 2.753130629672537188e-01 5.706007496418776803e-01 6.360838837786854105e-01 2.804528026626040393e+00
5.966713613466783213e-05 3.706633951806279927e-04 3.475787389476309858e-03 6.255263446745885858e+01 4.395979130676214153e-01 8.586603756692245959e-01 2.830491267298100411e+00
5.047730024730596732e-01 2.119579089288321783e-01 5.997571755183401208e-05 1.748679164916952800e-01 3.739562235719375849e-01 8.010094844184078022e-01 2.899557520532495491e+00
7.200784152948456855e-05 2.718087099195500879e-03 2.143795892741209017e-04 7.242918359526018257e-01 2.932870296638472873e-01 7.614492467967701739e-01 2.934721139809156387e+00
1.560161617041993382e-02 4.859776635391026972e-02 6.023603760263594037e-02 4.927799147742106811e+02 4.164797739153354605e+00 5.051076513270913448e-01 2.794865199520152999e+00
3.981001577998754398e-03 1.337462359810468945e-02 3.582267877540495655e-03 1.274603871031612456e+01 1.388695534504499118e+00 1.174449879542647679e+00 1.875998888326716907e+00
7.983795703976736408e-03 3.644204246020702788e-03 1.163652161658529083e-01 3.901169252229994413e+02 3.321158233210127264e+00 8.405361965306958894e-01 2.945847418954676833e+00
1.558320321108697711e-04 4.836020080063366646e-05 1.489431031955090095e-03 7.420368331412046992e+00 6.663605339421165841e-01 5.542924410343627040e-01 2.626944336554613013e+00
2.386722195465699239e-05 5.781753761830692867e-03 1.395213733645483435e-02 5.623982074429326303e+02 3.402869998347147984e+00 6.082321352801941527e-01 2.698842435644789983e+00
2.081567250547379868e-04 3.535971456139478351e-03 1.626853412491528826e-04 4.262629178699079979e-01 3.154456483366661623e-01 7.554696673814943475e-01 2.914727223250679344e+00
1.061730140083108620e-03 1.997517863883033716e-04 2.280772485337918592e-04 9.228604468454423282e-01 2.142932674372997948e+00 8.543713115859684626e-01 1.540278228827754781e+00
4.174310117602300640e-02 2.666973652073003492e-02 3.750794620449394772e-04 1.131512692396252406e+00 4.536067647206872278e-01 7.100304448832055471e-01 2.817429897244281278e+00
4.403915026897280843e-02 1.505667122356792342e+00 8.882626934782634348e-04 4.941587334839648626e+00 6.044361269448751406e-01 5.633612740085485626e+00 1.570680443848867514e+00
1.184766445864866430e-01 6.597212453233110632e-03 4.029177265010246817e-04 1.065982450480643662e+00 6.109776247112534975e-01 5.088543470298942939e-01 2.820644756625211080e+00
1.313144615527791527e-03 2.735486783935517363e-02 4.098870754462248869e-03 5.111407208687975299e+02 2.198142094366238197e+00 8.899947915006352073e-01 2.278939307266153236e+00
1.546298822381331206e-04 8.632230420068883608e-03 2.285350742285952551e-03 3.555405164610175461e+01 1.196158003512676204e+00 2.778828295765447098e+00 1.158612433881883286e+00
4.573558302401981197e-03 2.469818462582331342e-01 6.520239288336023183e-04 1.968154339262078834e+00 1.722403783677241007e+00 1.413412475196279772e+00 1.917626257025856207e+00
3.326014714027412944e-02 5.367285884852109751e-02 1.564124244292855181e-01 5.724555379015064318e+02 3.577254297591769827e+00 8.449278444507667407e-01 3.162608459486293544e+00
7.257636970011162141e-03 3.049395929238277528e-02 1.470845053711914178e-04 3.914240766594943022e-01 4.587492571789764662e-01 8.452395693993723924e-01 2.874210485678505123e+00
4.066317950293455970e-04 3.214069193574701794e-03 1.029928489054633998e-04 4.107724104404685272e-01 2.244092006204756184e-01 8.299438645801213710e-01 3.064202894362017648e+00
8.170332426153371908e-03 2.498906513784737715e-02 1.428712314044047879e-03 6.482876353545528936e+00 2.988243761373905905e+00 6.581646495745469005e-01 2.049274264564779457e+00
9.433925501086749474e-03 3.071246868972024036e-01 1.306149170172204662e-04 4.574380778716695684e-01 7.153630870421887611e-01 1.229174640550028119e+00 2.786089523573826998e+00
1.377072863566369820e-02 3.235284403348659410e-01 7.121035174060824516e-04 2.097127956193700182e+00 3.186117695735105615e-01 3.516152337038938480e+00 2.806031335715731156e+00
1.616478370508710877e-02 1.299844652484952734e-01 1.705027495437776868e-04 4.410293691569456831e-01 1.925711803747516548e-01 6.529492120919606624e-01 3.229272358900864504e+00
2.744895528746285705e-03 6.428661738200545407e-03 1.984773115847892374e-04 6.392829034391395160e-01 6.165387615939702526e-01 8.147329102778264609e-01 2.612333083551183321e+00
2.157209364322386380e-04 7.813548204460115309e-04 6.422813789781002839e-04 1.062267375767770972e+01 2.172756760659002306e-01 1.315051400806374726e+00 2.913659228836837034e+00
3.475919634570526500e-04 3.187008210922068208e-02 1.934067699361958570e-03 8.475401553062394555e+01 4.297587449830628237e-01 8.871844609583476871e-01 2.914445903669452331e+00
3.527232555421771880e-03 2.079190719727758846e-02 5.339848427294230718e-04 1.370833579270869906e+00 7.206658893619819484e-01 6.421755922944728523e-01 2.738998502158204840e+00
1.121911743935021487e-02 1.677860427727502837e-02 3.508116351611831329e-01 1.378781557187862063e+03 4.832622059535338188e+00 5.428096845989369701e-01 2.534852820940523888e+00
6.785828055413817457e-03 5.012778413942461375e-01 6.081435244787724865e-04 2.211250738471793209e+00 5.146726323615439247e-01 4.761700961930634080e+00 2.591522663075666699e+00
1.117263766987371522e-04 1.058657306277767753e-04 2.056822892858827109e-04 9.354234188836642261e+00 3.663801595410397516e-01 7.261091150323206733e-01 2.817704851255842247e+00
2.088861101874355160e-04 3.729606934368130070e-03 1.199782446032219771e-04 5.108320874887740670e-01 7.888615795871493919e-02 1.184822583106118765e+00 3.197209181404125466e+00
4.211021187870841835e-03 2.966367912443383312e-02 5.160488068309558498e-04 1.391367470437079090e+00 9.800087772990900836e-01 1.743606248362344235e+00 1.565923309954416309e+00
3.253735744095273552e-02 4.040326096163406322e-01 2.097430629522718196e-03 2.192984750282771955e+01 1.309656946074200523e-01 3.050197410870825632e+00 3.233704727982155358e+00
1.002686227157138232e-01 1.716115912878583005e+00 1.945811473508772885e-02 8.623135378745833179e+01 1.202768010067963633e+00 2.793862359314009947e+00 1.786458164922845038e+00
4.268583955848522676e-04 1.252941345274819450e-02 8.071587680612866489e-04 2.459490561227791083e+00 2.294104484308843450e-01 7.905152255875110834e-01 3.062986718763855531e+00
4.340377671680005316e-03 9.733180469699211513e-04 7.375807511896727287e-02 4.700773937434023537e+02 3.485746776874462327e+00 9.728238680272579542e-01 2.001926806435792017e+00
5.251559736703468456e-03 6.177174499677555441e-02 6.165546745350848309e-05 1.868357012520341642e-01 1.629010984305873322e+00 9.431036484510499918e-01 2.043965921037564915e+00
1.992005035801246388e-05 4.288446223909529194e-05 4.034503286857985438e-04 6.398284873837269515e+00 1.553481660594939084e+00 1.537305037064374158e+00 1.585869303470649694e+00
1.855373129967617316e-02 4.950981769218160689e-01 6.900461891948530754e-03 3.121524237664494095e+01 6.423837777932337456e-01 3.923030092636991206e+00 2.606688879789471169e+00
8.937367730801741052e-04 9.303533194028953826e-04 3.517167695818606589e-03 3.711536269003133270e+01 1.124830776061279902e+00 1.292051472861484918e+00 1.738729983587874006e+00
4.849627830103927020e-03 2.424486968029747683e-02 1.124252661217372802e-03 3.195481548809022687e+00 2.670502312791170341e-01 7.306811238557349153e-01 3.075274456352562691e+00
2.013534766051801837e-03 9.299784910855450615e-02 4.774362389267717329e-04 1.961119552489159146e+00 6.482670196505398996e-01 3.303886751468604999e+00 2.275622252362005327e+00
2.443720738008979803e-03 1.373580853329130214e-01 3.773315333848907462e-03 4.875748898366873618e+01 5.475904447092668770e-01 2.462424259111103186e+00 2.498567976450566164e+00
4.163996020545616961e-03 1.204765679327532146e-01 1.627129740369616525e-04 5.829804926286396016e-01 1.939759161213492067e-01 1.031766363195040892e+00 3.068576052750126681e+00
4.730676254325419730e-03 1.898956264578094758e-02 9.178721950611133358e-04 3.349912298830661328e+00 1.747746407067171104e-01 1.238907935366167834e+00 3.004019912358963040e+00
3.593288782611805368e-04 7.659641883433432330e-03 3.278966641395876644e-04 8.912355063950629930e-01 6.264013307890086146e-01 6.040087570476063705e-01 2.747941005096527167e+00
1.277795093677918659e-01 4.027334711822409125e-02 2.500303735456253025e-04 6.882934592436135146e-01 4.581732167553335122e-01 6.790683960254031426e-01 2.883424898453244456e+00
5.609893492318647479e-02 2.198814352995803745e-02 1.208083076952459478e-01 1.049848279262423603e+03 7.676739888809361645e+00 5.462410368477770284e-01 1.929009038114025909e+00
2.952402380497090671e-04 9.202929589362930651e-02 2.427043197032027939e-04 1.105848253190146568e+00 5.102782172243066627e-01 1.564534983056573125e+00 2.632091738506439071e+00
1.355086619884298023e-02 5.340461123673033959e-03 1.000600316529351996e-01 4.422862993543270704e+02 3.430869725588150843e+00 5.612064457190479860e-01 2.579620811624909749e+00
1.128060601719020270e-02 2.116648382287913965e-01 2.244848483414804956e-03 2.150336069318867516e+01 4.154418712667412583e-01 1.103590370717609348e+00 2.904908928408588942e+00
2.218986069576849105e-03 5.142718971523436711e-01 3.426822593088636981e-05 9.361713407915449314e-02 2.399516663952916129e-01 9.741773980911546005e+00 2.660757851041105404e+00
1.455070945914424410e-03 5.702495985254840694e-02 7.972427712453620705e-05 2.027561052105329720e-01 1.748478822023317170e-01 1.495536586243005228e+00 3.113842685612618233e+00
3.689868322551755498e-03 1.875588070210913172e-01 2.355183741379778049e-04 5.933665003206516353e-01 9.630079066518741904e-01 2.190080679062853974e+00 2.469885865950418591e+00
5.872075579937562420e-03 7.908734333276064288e-02 2.514138417751006128e-05 6.214044882119595936e-02 1.621682648798951076e-01 8.736387249950543499e-01 3.177482176540854741e+00
3.519545239873726142e-04 7.883551413904194699e-03 1.035574970910001962e-03 7.032755780767931064e+00 3.326340293347599397e-01 9.222403805767677154e-01 2.801513954638341186e+00
5.520563557858800853e-03 2.100251638545464622e-02 1.474109497192419571e-01 5.417899384945529846e+02 4.816163978903982290e+00 7.099997246625561198e-01 2.255404230031633261e+00
2.627425628264620712e-05 1.189782929968415809e-01 6.193590183800343554e-04 2.146530425445100754e+00 2.777364902680130032e-01 6.105096273883284574e+00 2.697458460353251652e+00
1.002834992720931691e-03 1.108551518689768201e-02 9.300491367293644424e-04 3.461331152246277743e+00 2.598708022134049167e-01 7.546354510586030795e-01 3.034835682857824679e+00
1.305518201442416315e-01 4.134460050720654284e-02 1.724217830432106979e-04 4.605611413525684261e-01 2.600793944187175910e+00 6.816337571816434293e-01 2.114853504483240165e+00
6.550365875116792580e-02 2.678230847548662696e-02 1.227809973756423950e-01 6.529594696962433318e+02 4.745941252485192940e+00 5.639891355036804610e-01 3.160788952458364776e+00
1.845608169369136005e-03 2.489869203710239759e-02 2.678619960226120327e-04 8.060715717999463736e-01 1.561512890927357899e+00 1.021638921322974625e+00 2.074566559103398156e+00
2.002086307311151062e-03 1.455459968280528593e-02 2.927192688088818551e-02 1.215453797753325773e+02 2.215650400743625958e+00 1.144796114614507587e+00 1.677489756265194698e+00
1.322210586007800150e-02 9.917486102394838798e-02 2.492741295623886622e-04 8.368042845683782982e-01 2.206789414398170890e-01 5.871010438806362197e-01 3.202830962071100185e+00
7.234434690533826607e-04 9.976759626553441396e-02 1.143310954606465736e-03 6.778018735232843817e+00 4.108625924781832972e-01 8.595015323186891987e-01 2.905603308038810617e+00
9.764449171337411621e-04 1.328749081451334555e-03 8.005276488297205159e-04 3.844960936669310492e+00 5.447374053948312866e-01 7.367746014059084469e-01 2.727113314678155653e+00
3.727831626677355218e-04 8.788144139164137366e-04 1.609011527395696681e-02 2.065646458639387788e+02 2.092170971629953691e+00 1.509991797177228090e+00 1.434872278241595467e+00
1.431208926294944353e-02 5.289085709232990012e-02 1.103599033487085530e-03 5.992933762673279929e+00 1.096217058728752580e-01 6.584996779515723819e-01 3.282813596933309430e+00
2.891990027953018211e-02 2.992466403220399584e-01 5.402058184895650603e-04 3.150508264078942577e+00 1.416168536598693350e+00 1.805057629474361214e+00 1.885692219392197444e+00
6.543809080405384865e-03 6.203153856049027116e-03 2.479553686831525907e-04 7.247030839475350206e-01 9.220347954471931340e-01 1.582509376522770239e+00 1.864289538207698493e+00
6.176783118895379232e-02 2.785836804051092241e-02 5.117683690764823767e-02 2.593280744197954277e+02 3.267959845690116882e+00 7.449761348678456407e-01 2.292008719716116083e+00
1.099170823334679192e-01 1.126925304397354693e-01 8.959420473994885933e-03 3.189912669968169467e+01 4.748446038189393370e-01 1.612424302394970699e+00 2.837257426067254507e+00
2.290879356731170130e-02 5.178507036123370516e-03 1.343679749715274638e-02 4.618213333807116072e+01 2.372834120593272367e+00 8.706828191766127212e-01 1.779996090976123213e+00
1.674650639566105381e-02 7.146266650934769704e-02 8.330458387587762192e-02 4.243702316672741404e+02 3.225004997329381506e+00 1.127667009423588995e+00 2.778129278196372010e+00
1.826039100688967021e-01 6.866226617377764463e-02 1.000565316554049289e-01 3.560024032361979494e+02 1.568305977727663780e+00 1.149492164189737764e+00 2.735032496830861248e+00
7.051178232022057291e-01 4.977370388214585537e-03 7.024493579069112032e-04 2.322200699891462605e+00 2.601338458299263245e-01 4.586730364477514810e-01 3.092499666209015174e+00
5.601928390675041391e-02 1.641553614961109853e-01 6.460842575311446546e-03 2.440869222935030436e+01 2.180633043336008825e-01 1.349237376560961987e+00 2.994218822189079088e+00
3.441084848338840096e-01 7.291760165245815550e-02 5.279009221299690467e-04 1.481571426931763247e+00 3.686582271101674468e+00 6.133250308993302147e-01 2.092218106990908488e+00
6.031416568005213774e-04 1.626772789605798134e-03 1.617975162745177806e-03 7.275957196267951232e+00 3.702753296790633475e-01 1.059753769807337154e+00 2.774015452542079263e+00
2.118133750759159176e-02 3.288448193694135102e-01 4.530203066913286334e-04 2.318780636662344019e+00 1.129544040033974239e+00 1.246501867215156878e+00 2.496430513359759296e+00
6.264384987458089527e-02 2.852526584997513437e-01 3.636284743429569252e-03 1.238864209835326236e+01 4.760194698934804847e-01 1.702832655386810945e+00 2.749987922304947041e+00
6.355329004331189413e-02 2.778130514062535639e-01 2.342214614037416902e-04 6.282098972684847515e-01 4.776420865301938545e-01 2.082415346194106398e+00 2.729118836694951700e+00
4.841864432150574308e-04 1.154676850407617902e-02 1.644821010473200898e-04 4.492686742125154287e-01 4.229308625828085977e-01 8.299582507519736030e-01 2.755058637135583410e+00
2.725890143395254745e-06 4.371571977346737901e-07 1.126742479932276884e-03 5.169456679847477432e+01 9.013059623316171942e-01 1.912015143316054377e+00 1.968258101183690600e+00
4.126333803996356728e-03 3.334423913745786228e-02 4.274807405574644441e-03 2.066536198751138542e+01 2.058937594954473038e+00 9.764796417712044985e-01 1.809274473413177375e+00
2.193842232273538612e-03 5.146590957327960014e-01 1.408643430857448682e-03 4.947666964056844918e+00 1.227327714828552047e-01 3.463579180702339944e+00 3.184100710454842886e+00
3.267361940542284904e-02 5.108286990716597031e-02 1.342606179897342343e-03 4.229475745431409806e+00 2.277336497463919862e-01 9.565305838457044407e-01 3.113861174258306441e+00
7.681439864519239375e-04 4.778417566524197427e-03 8.024107612218533622e-03 2.171980470250768462e+02 2.107304704454217692e+00 7.200319235113303851e-01 2.129083660102594422e+00
4.334384569812126022e-04 5.862691268665832373e-02 1.512356363433497563e-03 5.396296543481079233e+00 2.735500798522762178e+00 1.096146632856000558e+00 1.628362599182541004e+00
1.616616766791726225e-03 8.305356321727786189e-04 1.551466918166053647e-03 1.070520338009371919e+01 5.718851114091224597e-01 8.437383010007815098e-01 2.591633716066045423e+00
2.053466736986174664e-03 6.581703391327358051e-03 1.255564756990760200e-01 6.627026744454227583e+02 2.754431098635359731e+00 7.758856823163835514e-01 2.473206838374058414e+00
1.080389911296722938e-03 1.787962986062450327e-02 2.599200398855515317e-03 8.670666912009044935e+00 2.018921190445863267e+00 7.479184583803143438e-01 2.122365338176654959e+00
1.903111093417611836e-03 2.007420948727695331e-01 2.386663151818514244e-05 6.004465242893247678e-02 4.443038734563934944e-01 4.381367664257228789e+00 2.505167089341322928e+00
1.818516335784091040e-02 2.287511948674490411e-02 8.753345647896428050e-02 2.906810587492480522e+02 1.781360729388469899e+00 8.005638529664200753e-01 2.866327269224622665e+00
4.945523960601503136e-03 3.768300940691763357e-01 2.695780938959322888e-04 8.539983655295541043e-01 1.144961712631949347e+00 3.377031478583610635e+00 1.552746006719271321e+00
3.649716908716932329e-02 7.260473624957985983e-01 7.867035938263282856e-05 2.200194980079873408e-01 9.640927156612681959e-01 3.080894000410512312e+00 1.407726627151529408e+00
1.764206456314398180e-02 1.568748711686699868e-02 1.524696370757895950e-02 5.575714843698705181e+01 2.090403107485013234e-01 1.082157265310482508e+00 3.126247619874087835e+00
2.251333913404782259e-03 3.463308311022892782e-03 2.300864633024020736e-02 7.213657167036317333e+02 3.167518788766080284e+00 8.615816650436022295e-01 1.860069326599436357e+00
4.218709950400578073e-04 4.785089507852931766e-03 3.167267386439648596e-03 1.651465009966960622e+02 4.810356469430679960e-01 1.152930072422838848e+00 2.937987705599376831e+00
7.153514014220481165e-01 1.245524140221290488e-01 6.741850855320789208e-04 2.843435683763416488e+00 1.582705720149128470e-01 7.287633747496997660e-01 3.235150568589235220e+00
