8.850000000000000089e-01 8.870000000000000107e-01 8.810000000000000053e-01 8.729999999999999982e-01 1.000000000000000000e+00 1.000000000000000000e+00 9.010000000000000231e-01 8.860000000000000098e-01
8.429999999999999716e-01 8.239999999999999547e-01 8.319999999999999618e-01 8.269999999999999574e-01 1.000000000000000000e+00 1.000000000000000000e+00 9.040000000000000258e-01 8.339999999999999636e-01
7.429999999999999938e-01 7.459999999999999964e-01 7.269999999999999796e-01 7.349999999999999867e-01 1.000000000000000000e+00 1.000000000000000000e+00 8.840000000000000080e-01 7.710000000000000187e-01
6.420000000000000151e-01 6.690000000000000391e-01 6.879999999999999449e-01 6.540000000000000258e-01 1.000000000000000000e+00 1.000000000000000000e+00 9.080000000000000293e-01 7.580000000000000071e-01
6.019999999999999796e-01 5.969999999999999751e-01 5.869999999999999662e-01 5.689999999999999503e-01 1.000000000000000000e+00 1.000000000000000000e+00 8.950000000000000178e-01 7.690000000000000169e-01
5.080000000000000071e-01 5.320000000000000284e-01 5.500000000000000444e-01 5.330000000000000293e-01 1.000000000000000000e+00 1.000000000000000000e+00 8.820000000000000062e-01 7.720000000000000195e-01
4.929999999999999938e-01 5.040000000000000036e-01 4.500000000000000111e-01 4.839999999999999858e-01 1.000000000000000000e+00 1.000000000000000000e+00 8.679999999999999938e-01 7.870000000000000329e-01
4.530000000000000138e-01 4.390000000000000013e-01 4.490000000000000102e-01 4.500000000000000111e-01 1.000000000000000000e+00 1.000000000000000000e+00 9.060000000000000275e-01 7.830000000000000293e-01
4.510000000000000120e-01 4.239999999999999880e-01 4.269999999999999907e-01 4.359999999999999987e-01 1.000000000000000000e+00 1.000000000000000000e+00 9.000000000000000222e-01 7.720000000000000195e-01
4.089999999999999747e-01 3.950000000000000178e-01 4.149999999999999800e-01 4.169999999999999818e-01 1.000000000000000000e+00 1.000000000000000000e+00 8.930000000000000160e-01 7.710000000000000187e-01
4.109999999999999765e-01 3.870000000000000107e-01 3.990000000000000213e-01 3.780000000000000027e-01 1.000000000000000000e+00 1.000000000000000000e+00 8.750000000000000000e-01 7.459999999999999964e-01
4.289999999999999925e-01 3.910000000000000142e-01 3.980000000000000204e-01 4.119999999999999774e-01 1.000000000000000000e+00 1.000000000000000000e+00 8.870000000000000107e-01 7.670000000000000151e-01
3.930000000000000160e-01 4.040000000000000258e-01 3.629999999999999893e-01 4.099999999999999756e-01 1.000000000000000000e+00 1.000000000000000000e+00 8.910000000000000142e-01 7.860000000000000320e-01
4.849999999999999867e-01 4.079999999999999738e-01 4.319999999999999951e-01 3.940000000000000169e-01 1.000000000000000000e+00 1.000000000000000000e+00 8.920000000000000151e-01 7.810000000000000275e-01
4.119999999999999774e-01 4.030000000000000249e-01 4.279999999999999916e-01 4.079999999999999738e-01 1.000000000000000000e+00 1.000000000000000000e+00 8.890000000000000124e-01 7.630000000000000115e-01
