5.399999999999999939e-02 5.500000000000000028e-02 4.700000000000000011e-02 5.800000000000000294e-02 1.000000000000000000e+00 1.000000000000000000e+00 6.840000000000000524e-01 3.039999999999999925e-01
2.230000000000000038e-01 2.230000000000000038e-01 2.250000000000000056e-01 2.349999999999999867e-01 1.000000000000000000e+00 1.000000000000000000e+00 7.760000000000000231e-01 5.230000000000000204e-01
3.240000000000000102e-01 2.899999999999999800e-01 3.119999999999999996e-01 2.770000000000000240e-01 1.000000000000000000e+00 1.000000000000000000e+00 8.030000000000000471e-01 5.959999999999999742e-01
3.920000000000000151e-01 3.589999999999999858e-01 3.639999999999999902e-01 3.449999999999999734e-01 1.000000000000000000e+00 1.000000000000000000e+00 8.349999999999999645e-01 6.450000000000000178e-01
4.179999999999999827e-01 3.850000000000000089e-01 3.950000000000000178e-01 3.850000000000000089e-01 1.000000000000000000e+00 1.000000000000000000e+00 8.479999999999999760e-01 6.570000000000000284e-01
4.349999999999999978e-01 4.050000000000000266e-01 4.289999999999999925e-01 4.359999999999999987e-01 1.000000000000000000e+00 1.000000000000000000e+00 8.689999999999999947e-01 7.139999999999999680e-01
4.460000000000000075e-01 4.420000000000000040e-01 4.530000000000000138e-01 4.530000000000000138e-01 1.000000000000000000e+00 1.000000000000000000e+00 8.820000000000000062e-01 7.089999999999999636e-01
4.959999999999999964e-01 4.560000000000000164e-01 4.909999999999999920e-01 4.829999999999999849e-01 1.000000000000000000e+00 1.000000000000000000e+00 8.890000000000000124e-01 7.429999999999999938e-01
5.230000000000000204e-01 4.989999999999999991e-01 4.949999999999999956e-01 4.759999999999999787e-01 1.000000000000000000e+00 1.000000000000000000e+00 8.739999999999999991e-01 7.459999999999999964e-01
5.170000000000000151e-01 5.040000000000000036e-01 4.839999999999999858e-01 5.500000000000000444e-01 1.000000000000000000e+00 1.000000000000000000e+00 8.880000000000000115e-01 8.090000000000000524e-01
