3.619515537000062722e+01 1.400000000000000133e-01 3.400000000000000244e-01 1.000000000000000000e+00
4.255008862126045122e-01 1.000000000000000000e+00 1.000000000000000000e+00 1.000000000000000000e+00
6.478657542175571216e+00 4.199999999999999845e-01 1.000000000000000000e+00 1.000000000000000000e+00
7.331478623832333730e-01 1.000000000000000000e+00 1.000000000000000000e+00 1.000000000000000000e+00
1.755948533656638721e+00 6.300000000000000044e-01 1.000000000000000000e+00 1.000000000000000000e+00
8.408183968146535348e-01 1.000000000000000000e+00 1.000000000000000000e+00 1.000000000000000000e+00
4.039516787916964802e+01 1.700000000000000122e-01 3.499999999999999778e-01 1.000000000000000000e+00
1.841875033281570211e+02 5.000000000000000278e-02 1.300000000000000044e-01 1.000000000000000000e+00
1.349462780391317285e+00 7.900000000000000355e-01 1.000000000000000000e+00 1.000000000000000000e+00
4.268690419446685702e+00 5.799999999999999600e-01 1.000000000000000000e+00 1.000000000000000000e+00
2.320697503952345642e+01 2.500000000000000000e-01 6.099999999999999867e-01 1.000000000000000000e+00
3.004909611171171058e+00 4.600000000000000200e-01 1.000000000000000000e+00 1.000000000000000000e+00
1.059615137996532175e+00 7.900000000000000355e-01 1.000000000000000000e+00 1.000000000000000000e+00
1.704650366611393242e+00 9.799999999999999822e-01 1.000000000000000000e+00 1.000000000000000000e+00
2.444304396496833398e+00 5.899999999999999689e-01 1.000000000000000000e+00 1.000000000000000000e+00
1.378978045971672062e+00 8.399999999999999689e-01 1.000000000000000000e+00 1.000000000000000000e+00
9.774831670624772428e+00 3.200000000000000067e-01 6.999999999999999556e-01 1.000000000000000000e+00
1.468951065083721197e+01 3.200000000000000067e-01 1.000000000000000000e+00 1.000000000000000000e+00
1.877789486722768686e+00 7.199999999999999734e-01 1.000000000000000000e+00 1.000000000000000000e+00
1.056510696758712875e+01 1.799999999999999933e-01 1.000000000000000000e+00 1.000000000000000000e+00
1.288292440523842952e+00 1.000000000000000000e+00 1.000000000000000000e+00 1.000000000000000000e+00
7.384224558043158915e+00 4.000000000000000222e-01 8.000000000000000444e-01 1.000000000000000000e+00
3.150260646561065858e+00 3.900000000000000133e-01 1.000000000000000000e+00 1.000000000000000000e+00
8.836998237044689120e+00 5.500000000000000444e-01 1.000000000000000000e+00 1.000000000000000000e+00
1.355982122894970843e+01 3.599999999999999867e-01 7.199999999999999734e-01 1.000000000000000000e+00
2.556081589516959074e+00 4.500000000000000111e-01 1.000000000000000000e+00 1.000000000000000000e+00
1.292216962301788508e+00 9.300000000000000488e-01 1.000000000000000000e+00 1.000000000000000000e+00
6.434596516451119852e-01 9.499999999999999556e-01 1.000000000000000000e+00 1.000000000000000000e+00
6.187222948474182260e+01 1.000000000000000056e-01 2.300000000000000100e-01 1.000000000000000000e+00
6.887451426128199827e+00 6.400000000000000133e-01 1.000000000000000000e+00 1.000000000000000000e+00
1.902116212010538732e+01 2.800000000000000266e-01 6.500000000000000222e-01 1.000000000000000000e+00
2.498625898461944939e+00 4.899999999999999911e-01 1.000000000000000000e+00 1.000000000000000000e+00
4.790662918669241765e-01 1.000000000000000000e+00 1.000000000000000000e+00 1.000000000000000000e+00
1.142762342311859802e+00 6.500000000000000222e-01 1.000000000000000000e+00 1.000000000000000000e+00
2.119998381120286268e+01 2.399999999999999911e-01 5.999999999999999778e-01 1.000000000000000000e+00
1.971202313086246161e+00 7.099999999999999645e-01 1.000000000000000000e+00 1.000000000000000000e+00
2.847934061668314953e+01 2.000000000000000111e-01 5.100000000000000089e-01 1.000000000000000000e+00
6.299501351913172620e-01 1.000000000000000000e+00 1.000000000000000000e+00 1.000000000000000000e+00
5.112121857274652292e+00 5.100000000000000089e-01 9.899999999999999911e-01 1.000000000000000000e+00
1.104720307388124922e+01 4.299999999999999933e-01 1.000000000000000000e+00 1.000000000000000000e+00
1.062895573118793990e+01 3.499999999999999778e-01 7.199999999999999734e-01 1.000000000000000000e+00
1.167681830862291187e-01 1.000000000000000000e+00 1.000000000000000000e+00 1.000000000000000000e+00
2.234327860085507211e+01 1.700000000000000122e-01 4.799999999999999822e-01 1.000000000000000000e+00
5.161148673368074480e-01 1.000000000000000000e+00 1.000000000000000000e+00 1.000000000000000000e+00
1.390160054715469684e+01 2.999999999999999889e-01 1.000000000000000000e+00 1.000000000000000000e+00
2.643081196867515104e+01 3.499999999999999778e-01 6.899999999999999467e-01 1.000000000000000000e+00
8.921386878081663951e+01 1.000000000000000056e-01 2.099999999999999922e-01 1.000000000000000000e+00
4.782612412776591881e+00 2.999999999999999889e-01 9.399999999999999467e-01 1.000000000000000000e+00
6.119531414747904075e-01 9.899999999999999911e-01 1.000000000000000000e+00 1.000000000000000000e+00
3.922558705187248584e+00 6.899999999999999467e-01 1.000000000000000000e+00 1.000000000000000000e+00
2.714922440184413532e-01 1.000000000000000000e+00 1.000000000000000000e+00 1.000000000000000000e+00
7.015087122768299821e+00 5.500000000000000444e-01 1.000000000000000000e+00 1.000000000000000000e+00
2.784500103880134247e+00 5.100000000000000089e-01 1.000000000000000000e+00 1.000000000000000000e+00
3.982968792515896306e-01 1.000000000000000000e+00 1.000000000000000000e+00 1.000000000000000000e+00
4.063029624856052457e+00 7.800000000000000266e-01 1.000000000000000000e+00 1.000000000000000000e+00
2.604041095351667501e+00 5.699999999999999512e-01 1.000000000000000000e+00 1.000000000000000000e+00
4.149499455285671212e-02 1.000000000000000000e+00 1.000000000000000000e+00 1.000000000000000000e+00
1.996786873016436203e+00 5.600000000000000533e-01 1.000000000000000000e+00 1.000000000000000000e+00
1.229807225663575920e+00 1.000000000000000000e+00 1.000000000000000000e+00 1.000000000000000000e+00
1.047235546512143003e+02 8.000000000000000167e-02 1.199999999999999956e-01 1.000000000000000000e+00
4.564678092395178055e+01 1.799999999999999933e-01 2.999999999999999889e-01 1.000000000000000000e+00
3.327875687771646884e+00 5.799999999999999600e-01 1.000000000000000000e+00 1.000000000000000000e+00
1.174850625624839395e+01 2.300000000000000100e-01 5.699999999999999512e-01 1.000000000000000000e+00
4.106359594464421003e-01 1.000000000000000000e+00 1.000000000000000000e+00 1.000000000000000000e+00
2.650273442283429315e+00 7.099999999999999645e-01 1.000000000000000000e+00 1.000000000000000000e+00
1.724930553937492839e+00 8.299999999999999600e-01 1.000000000000000000e+00 1.000000000000000000e+00
4.928331262038004867e-01 1.000000000000000000e+00 1.000000000000000000e+00 1.000000000000000000e+00
3.182227146852620869e-01 1.000000000000000000e+00 1.000000000000000000e+00 1.000000000000000000e+00
7.659546595101900390e-01 1.000000000000000000e+00 1.000000000000000000e+00 1.000000000000000000e+00
7.687387535730608512e+00 3.300000000000000155e-01 1.000000000000000000e+00 1.000000000000000000e+00
5.082898624925250353e+00 2.800000000000000266e-01 9.699999999999999734e-01 1.000000000000000000e+00
4.811230299938911159e+00 5.899999999999999689e-01 1.000000000000000000e+00 1.000000000000000000e+00
5.987545176251185097e+01 1.000000000000000056e-01 2.399999999999999911e-01 1.000000000000000000e+00
9.326892420021723140e+00 2.800000000000000266e-01 7.099999999999999645e-01 1.000000000000000000e+00
3.316221318114292993e-02 1.000000000000000000e+00 1.000000000000000000e+00 1.000000000000000000e+00
3.477077075972110909e-01 1.000000000000000000e+00 1.000000000000000000e+00 1.000000000000000000e+00
4.698538013326606944e+01 2.399999999999999911e-01 7.500000000000000000e-01 1.000000000000000000e+00
2.758353734876318963e+00 6.800000000000000488e-01 1.000000000000000000e+00 1.000000000000000000e+00
7.804664955181634411e+01 1.199999999999999956e-01 3.499999999999999778e-01 1.000000000000000000e+00
4.494038191706634100e-01 1.000000000000000000e+00 1.000000000000000000e+00 1.000000000000000000e+00
2.872799304637381201e+00 4.899999999999999911e-01 1.000000000000000000e+00 1.000000000000000000e+00
1.487771248726397033e+01 2.000000000000000111e-01 8.000000000000000444e-01 1.000000000000000000e+00
3.440923919666075692e-01 1.000000000000000000e+00 1.000000000000000000e+00 1.000000000000000000e+00
2.592727531152885234e+00 3.900000000000000133e-01 1.000000000000000000e+00 1.000000000000000000e+00
5.907599869742095056e-01 8.800000000000000044e-01 1.000000000000000000e+00 1.000000000000000000e+00
5.305422067182891510e+01 1.199999999999999956e-01 4.699999999999999734e-01 1.000000000000000000e+00
7.731637066972245620e-01 9.100000000000000311e-01 1.000000000000000000e+00 1.000000000000000000e+00
1.304949204886028546e+01 2.399999999999999911e-01 5.300000000000000266e-01 1.000000000000000000e+00
6.569586242831406686e+00 5.899999999999999689e-01 1.000000000000000000e+00 1.000000000000000000e+00
3.742886932254846588e+00 4.899999999999999911e-01 1.000000000000000000e+00 1.000000000000000000e+00
4.133698576266214286e-01 1.000000000000000000e+00 1.000000000000000000e+00 1.000000000000000000e+00
1.519300788278035996e-01 1.000000000000000000e+00 1.000000000000000000e+00 1.000000000000000000e+00
1.004562508250206037e+02 1.199999999999999956e-01 2.600000000000000089e-01 1.000000000000000000e+00
2.605723130802566789e+00 5.100000000000000089e-01 1.000000000000000000e+00 1.000000000000000000e+00
7.164109485086777696e+00 2.399999999999999911e-01 7.700000000000000178e-01 1.000000000000000000e+00
4.931445309722334258e+01 1.499999999999999944e-01 3.499999999999999778e-01 1.000000000000000000e+00
5.062686442188226721e+00 6.099999999999999867e-01 1.000000000000000000e+00 1.000000000000000000e+00
5.281076618899322028e+01 1.300000000000000044e-01 3.499999999999999778e-01 1.000000000000000000e+00
1.321544524452061076e+01 2.700000000000000178e-01 6.199999999999999956e-01 1.000000000000000000e+00
1.432539949341885555e-01 1.000000000000000000e+00 1.000000000000000000e+00 1.000000000000000000e+00
1.285131446287298616e+02 7.000000000000000666e-02 1.600000000000000033e-01 2.000000000000000000e+00
1.739552073026122914e+00 6.500000000000000222e-01 1.000000000000000000e+00 2.000000000000000000e+00
8.748437012341973684e+00 3.599999999999999867e-01 8.199999999999999512e-01 2.000000000000000000e+00
1.321416013691372626e+00 7.199999999999999734e-01 1.000000000000000000e+00 2.000000000000000000e+00
5.228584584991914141e+00 5.999999999999999778e-01 9.300000000000000488e-01 2.000000000000000000e+00
4.065981789610774833e+00 4.799999999999999822e-01 1.000000000000000000e+00 2.000000000000000000e+00
6.028820498725971078e+01 1.400000000000000133e-01 3.499999999999999778e-01 2.000000000000000000e+00
3.830343194964110909e-01 1.000000000000000000e+00 1.000000000000000000e+00 2.000000000000000000e+00
3.938856449445244579e+01 1.100000000000000006e-01 2.800000000000000266e-01 2.000000000000000000e+00
4.894903299055052948e+00 6.400000000000000133e-01 1.000000000000000000e+00 2.000000000000000000e+00
1.397526618864396397e+01 2.399999999999999911e-01 5.699999999999999512e-01 2.000000000000000000e+00
1.565205733457935189e+01 2.600000000000000089e-01 8.499999999999999778e-01 2.000000000000000000e+00
4.237298214174176070e-01 1.000000000000000000e+00 1.000000000000000000e+00 2.000000000000000000e+00
2.184596463435095259e+01 1.600000000000000033e-01 4.600000000000000200e-01 2.000000000000000000e+00
1.204125549787205429e+00 8.000000000000000444e-01 1.000000000000000000e+00 2.000000000000000000e+00
9.832866222742488560e+00 2.200000000000000011e-01 5.300000000000000266e-01 2.000000000000000000e+00
4.355961015686125037e+00 5.100000000000000089e-01 1.000000000000000000e+00 2.000000000000000000e+00
1.940465244024994484e-01 1.000000000000000000e+00 1.000000000000000000e+00 2.000000000000000000e+00
5.895455607300579270e-01 1.000000000000000000e+00 1.000000000000000000e+00 2.000000000000000000e+00
6.621686005053925017e-01 1.000000000000000000e+00 1.000000000000000000e+00 2.000000000000000000e+00
5.584504469186124709e+01 7.000000000000000666e-02 1.700000000000000122e-01 2.000000000000000000e+00
8.940248832255257128e+00 4.799999999999999822e-01 1.000000000000000000e+00 2.000000000000000000e+00
8.645464264533258003e-01 9.399999999999999467e-01 1.000000000000000000e+00 2.000000000000000000e+00
4.773621827489751723e+01 2.700000000000000178e-01 4.199999999999999845e-01 2.000000000000000000e+00
8.612629799283469723e+00 2.600000000000000089e-01 6.600000000000000311e-01 2.000000000000000000e+00
1.562732830031463926e+01 3.900000000000000133e-01 1.000000000000000000e+00 2.000000000000000000e+00
1.284183862105531926e+00 7.299999999999999822e-01 1.000000000000000000e+00 2.000000000000000000e+00
6.069455108523355591e+01 1.100000000000000006e-01 2.099999999999999922e-01 2.000000000000000000e+00
1.650932353053730495e+01 3.800000000000000044e-01 1.000000000000000000e+00 2.000000000000000000e+00
1.176650075366004700e+01 2.700000000000000178e-01 5.699999999999999512e-01 2.000000000000000000e+00
1.654094244402494640e+00 7.299999999999999822e-01 1.000000000000000000e+00 2.000000000000000000e+00
3.169467944698339146e+00 5.600000000000000533e-01 1.000000000000000000e+00 2.000000000000000000e+00
2.974360610529098281e+00 5.100000000000000089e-01 8.800000000000000044e-01 2.000000000000000000e+00
3.510263657963153605e+01 2.000000000000000111e-01 5.799999999999999600e-01 2.000000000000000000e+00
7.629963899494518920e+00 4.400000000000000022e-01 7.099999999999999645e-01 2.000000000000000000e+00
8.158410098139366795e+00 1.400000000000000133e-01 5.200000000000000178e-01 2.000000000000000000e+00
4.005302732391490395e+01 1.799999999999999933e-01 3.400000000000000244e-01 2.000000000000000000e+00
4.903055947578687679e+00 3.300000000000000155e-01 8.800000000000000044e-01 2.000000000000000000e+00
5.287828879431503282e+01 1.000000000000000056e-01 4.600000000000000200e-01 2.000000000000000000e+00
7.371642742971291629e-01 7.800000000000000266e-01 1.000000000000000000e+00 2.000000000000000000e+00
1.607825091497398162e+00 6.999999999999999556e-01 1.000000000000000000e+00 2.000000000000000000e+00
6.943346649281163518e-01 9.599999999999999645e-01 1.000000000000000000e+00 2.000000000000000000e+00
5.073020968225188554e+00 6.899999999999999467e-01 1.000000000000000000e+00 2.000000000000000000e+00
1.563961226656225723e+00 8.599999999999999867e-01 1.000000000000000000e+00 2.000000000000000000e+00
4.210320818174117380e-02 1.000000000000000000e+00 1.000000000000000000e+00 2.000000000000000000e+00
3.498782632248573776e+00 5.799999999999999600e-01 1.000000000000000000e+00 2.000000000000000000e+00
1.189456857687169355e+00 8.199999999999999512e-01 1.000000000000000000e+00 2.000000000000000000e+00
1.550087597553948315e+00 5.600000000000000533e-01 1.000000000000000000e+00 2.000000000000000000e+00
5.366861019805210908e+00 4.699999999999999734e-01 1.000000000000000000e+00 2.000000000000000000e+00
3.404299441992474584e+00 3.900000000000000133e-01 9.200000000000000400e-01 2.000000000000000000e+00
5.205430432763174053e+01 1.499999999999999944e-01 3.400000000000000244e-01 2.000000000000000000e+00
3.451896925770526758e-01 1.000000000000000000e+00 1.000000000000000000e+00 2.000000000000000000e+00
3.335952665808677997e-01 1.000000000000000000e+00 1.000000000000000000e+00 2.000000000000000000e+00
1.644734030820957649e-01 1.000000000000000000e+00 1.000000000000000000e+00 2.000000000000000000e+00
1.498186400923541717e+00 7.199999999999999734e-01 1.000000000000000000e+00 2.000000000000000000e+00
1.995537943179533702e+00 8.699999999999999956e-01 1.000000000000000000e+00 2.000000000000000000e+00
6.734658143260672247e+00 2.899999999999999800e-01 6.600000000000000311e-01 2.000000000000000000e+00
1.197900137732275283e+01 2.899999999999999800e-01 6.500000000000000222e-01 2.000000000000000000e+00
3.690394506728739699e-01 1.000000000000000000e+00 1.000000000000000000e+00 2.000000000000000000e+00
3.230862173550919891e+01 1.900000000000000022e-01 4.199999999999999845e-01 2.000000000000000000e+00
4.427491635074008336e+00 3.300000000000000155e-01 9.100000000000000311e-01 2.000000000000000000e+00
2.826022329200447825e+00 5.100000000000000089e-01 1.000000000000000000e+00 2.000000000000000000e+00
1.597155295266311725e+00 8.299999999999999600e-01 1.000000000000000000e+00 2.000000000000000000e+00
5.213697287547623960e-01 1.000000000000000000e+00 1.000000000000000000e+00 2.000000000000000000e+00
1.272402956033119281e+01 3.200000000000000067e-01 9.899999999999999911e-01 2.000000000000000000e+00
1.280664626534609107e+00 6.800000000000000488e-01 1.000000000000000000e+00 2.000000000000000000e+00
1.171706821489288153e+01 4.799999999999999822e-01 1.000000000000000000e+00 2.000000000000000000e+00
4.955171423707476208e-01 9.799999999999999822e-01 1.000000000000000000e+00 2.000000000000000000e+00
3.201914738975335695e+01 2.200000000000000011e-01 4.099999999999999756e-01 2.000000000000000000e+00
1.987520831464191815e+02 7.000000000000000666e-02 1.199999999999999956e-01 2.000000000000000000e+00
1.373621052462633552e-01 1.000000000000000000e+00 1.000000000000000000e+00 2.000000000000000000e+00
1.053360948551716747e-01 1.000000000000000000e+00 1.000000000000000000e+00 2.000000000000000000e+00
1.576383897214458651e-01 1.000000000000000000e+00 1.000000000000000000e+00 2.000000000000000000e+00
4.849249446093823579e+00 5.200000000000000178e-01 1.000000000000000000e+00 2.000000000000000000e+00
3.808791965470655239e+00 7.199999999999999734e-01 1.000000000000000000e+00 2.000000000000000000e+00
4.820787295324237220e+00 4.400000000000000022e-01 8.100000000000000533e-01 2.000000000000000000e+00
2.203050570643974382e+01 2.000000000000000111e-01 5.400000000000000355e-01 2.000000000000000000e+00
7.613962802594137713e+00 4.299999999999999933e-01 7.800000000000000266e-01 2.000000000000000000e+00
2.549665664871675896e-01 1.000000000000000000e+00 1.000000000000000000e+00 2.000000000000000000e+00
2.937860299208241344e+01 1.499999999999999944e-01 3.599999999999999867e-01 2.000000000000000000e+00
1.939974532295333987e+01 2.700000000000000178e-01 5.799999999999999600e-01 2.000000000000000000e+00
6.880773202431164082e-01 9.100000000000000311e-01 1.000000000000000000e+00 2.000000000000000000e+00
1.504458078873308069e-01 1.000000000000000000e+00 1.000000000000000000e+00 2.000000000000000000e+00
5.424222202602584808e+00 3.200000000000000067e-01 7.700000000000000178e-01 2.000000000000000000e+00
1.227138623711070409e+01 4.099999999999999756e-01 6.999999999999999556e-01 2.000000000000000000e+00
3.682706408948315246e+00 5.899999999999999689e-01 1.000000000000000000e+00 2.000000000000000000e+00
2.982234586060110271e+00 5.300000000000000266e-01 1.000000000000000000e+00 2.000000000000000000e+00
1.102723189148033356e+01 4.500000000000000111e-01 1.000000000000000000e+00 2.000000000000000000e+00
7.803580898431500934e+00 4.099999999999999756e-01 6.500000000000000222e-01 2.000000000000000000e+00
2.959062539589191854e+00 7.500000000000000000e-01 1.000000000000000000e+00 2.000000000000000000e+00
2.213466629296690869e+01 2.500000000000000000e-01 5.699999999999999512e-01 2.000000000000000000e+00
5.245208914630765662e+01 1.400000000000000133e-01 3.400000000000000244e-01 2.000000000000000000e+00
6.320203678389364477e+00 2.500000000000000000e-01 6.600000000000000311e-01 2.000000000000000000e+00
8.878911254177809242e-01 1.000000000000000000e+00 1.000000000000000000e+00 2.000000000000000000e+00
1.572911545292425828e-01 1.000000000000000000e+00 1.000000000000000000e+00 2.000000000000000000e+00
1.973098939953051811e+01 2.099999999999999922e-01 4.099999999999999756e-01 2.000000000000000000e+00
2.470963122268580747e+01 1.600000000000000033e-01 3.499999999999999778e-01 2.000000000000000000e+00
9.952876336986660188e-02 1.000000000000000000e+00 1.000000000000000000e+00 2.000000000000000000e+00
1.406530458415355067e+00 9.799999999999999822e-01 1.000000000000000000e+00 2.000000000000000000e+00
6.040768110131030655e-01 1.000000000000000000e+00 1.000000000000000000e+00 2.000000000000000000e+00
1.464559293706966914e+00 1.000000000000000000e+00 1.000000000000000000e+00 3.000000000000000000e+00
7.275527803600834176e+00 4.099999999999999756e-01 1.000000000000000000e+00 3.000000000000000000e+00
4.296146107931594571e+00 3.900000000000000133e-01 6.700000000000000400e-01 3.000000000000000000e+00
2.571083434899654208e+01 2.099999999999999922e-01 3.599999999999999867e-01 3.000000000000000000e+00
2.053396842519735088e+00 6.899999999999999467e-01 9.899999999999999911e-01 3.000000000000000000e+00
1.802994149672719715e+01 2.600000000000000089e-01 1.000000000000000000e+00 3.000000000000000000e+00
1.305412190278266671e+01 3.599999999999999867e-01 6.199999999999999956e-01 3.000000000000000000e+00
1.379244121757718045e+00 1.000000000000000000e+00 1.000000000000000000e+00 3.000000000000000000e+00
4.501243270186478185e+01 1.700000000000000122e-01 2.700000000000000178e-01 3.000000000000000000e+00
1.834184377297062962e+00 6.400000000000000133e-01 1.000000000000000000e+00 3.000000000000000000e+00
8.139323785660881327e-01 9.899999999999999911e-01 1.000000000000000000e+00 3.000000000000000000e+00
2.400678536904778948e+00 6.099999999999999867e-01 1.000000000000000000e+00 3.000000000000000000e+00
8.132362426095293695e-02 1.000000000000000000e+00 1.000000000000000000e+00 3.000000000000000000e+00
2.217778855575802677e+00 7.500000000000000000e-01 1.000000000000000000e+00 3.000000000000000000e+00
2.960439590118408848e-01 1.000000000000000000e+00 1.000000000000000000e+00 3.000000000000000000e+00
5.228670003482044359e-01 1.000000000000000000e+00 1.000000000000000000e+00 3.000000000000000000e+00
2.810625108082673851e+00 5.600000000000000533e-01 1.000000000000000000e+00 3.000000000000000000e+00
5.348138972922367174e-01 1.000000000000000000e+00 1.000000000000000000e+00 3.000000000000000000e+00
4.861435887854754156e+01 1.000000000000000056e-01 3.200000000000000067e-01 3.000000000000000000e+00
5.426409088150112581e+00 5.400000000000000355e-01 1.000000000000000000e+00 3.000000000000000000e+00
2.422420902805124499e+01 1.900000000000000022e-01 3.599999999999999867e-01 3.000000000000000000e+00
9.705889926783305199e+00 4.699999999999999734e-01 1.000000000000000000e+00 3.000000000000000000e+00
1.206042537276764248e+00 6.899999999999999467e-01 1.000000000000000000e+00 3.000000000000000000e+00
4.702239517322360562e+00 5.600000000000000533e-01 1.000000000000000000e+00 3.000000000000000000e+00
1.981764151736202351e+00 7.299999999999999822e-01 9.599999999999999645e-01 3.000000000000000000e+00
4.540533903538813143e-01 1.000000000000000000e+00 1.000000000000000000e+00 3.000000000000000000e+00
1.263184320206471645e+00 1.000000000000000000e+00 1.000000000000000000e+00 3.000000000000000000e+00
1.540950773566413901e+01 3.800000000000000044e-01 5.000000000000000000e-01 3.000000000000000000e+00
6.032521782946481892e+00 4.099999999999999756e-01 8.100000000000000533e-01 3.000000000000000000e+00
1.482801433928625290e+00 7.700000000000000178e-01 1.000000000000000000e+00 3.000000000000000000e+00
5.197447658428528428e+01 2.300000000000000100e-01 3.300000000000000155e-01 3.000000000000000000e+00
4.932952232794521663e+00 3.800000000000000044e-01 6.899999999999999467e-01 3.000000000000000000e+00
7.653495496665462028e+00 4.600000000000000200e-01 1.000000000000000000e+00 3.000000000000000000e+00
4.778051044230851474e+00 5.799999999999999600e-01 1.000000000000000000e+00 3.000000000000000000e+00
1.797410105249510366e+02 5.000000000000000278e-02 1.300000000000000044e-01 3.000000000000000000e+00
1.404247555067832165e+00 7.299999999999999822e-01 9.799999999999999822e-01 3.000000000000000000e+00
2.044584907919190542e+01 2.099999999999999922e-01 3.800000000000000044e-01 3.000000000000000000e+00
1.015298422797803690e+00 7.199999999999999734e-01 1.000000000000000000e+00 3.000000000000000000e+00
8.420519004709394295e+00 3.099999999999999978e-01 5.799999999999999600e-01 3.000000000000000000e+00
4.280624976012479821e-01 1.000000000000000000e+00 1.000000000000000000e+00 3.000000000000000000e+00
9.762842821876164479e+00 2.700000000000000178e-01 5.100000000000000089e-01 3.000000000000000000e+00
1.361129730427973028e+00 7.299999999999999822e-01 1.000000000000000000e+00 3.000000000000000000e+00
5.959149808853895891e+00 5.699999999999999512e-01 9.599999999999999645e-01 3.000000000000000000e+00
4.632634245980607943e+02 2.999999999999999889e-02 7.000000000000000666e-02 3.000000000000000000e+00
1.282530127208748105e+01 1.900000000000000022e-01 5.000000000000000000e-01 3.000000000000000000e+00
5.919707876169979066e+00 5.699999999999999512e-01 1.000000000000000000e+00 3.000000000000000000e+00
1.174360160791580565e+00 9.000000000000000222e-01 1.000000000000000000e+00 3.000000000000000000e+00
6.564951691867308625e+01 1.000000000000000056e-01 1.799999999999999933e-01 3.000000000000000000e+00
3.861210343313990823e+00 3.599999999999999867e-01 7.199999999999999734e-01 3.000000000000000000e+00
2.456671484076649392e+01 2.300000000000000100e-01 4.299999999999999933e-01 3.000000000000000000e+00
7.383782003187405962e+01 1.100000000000000006e-01 1.900000000000000022e-01 3.000000000000000000e+00
1.892021384520588878e+00 7.500000000000000000e-01 9.599999999999999645e-01 3.000000000000000000e+00
8.626525982137972903e+01 4.000000000000000083e-02 1.300000000000000044e-01 3.000000000000000000e+00
5.560741601540449608e+01 1.900000000000000022e-01 3.300000000000000155e-01 3.000000000000000000e+00
2.527364615507979906e+01 2.300000000000000100e-01 5.400000000000000355e-01 3.000000000000000000e+00
1.530869298040899995e+00 6.199999999999999956e-01 9.300000000000000488e-01 3.000000000000000000e+00
1.782768862424985556e+00 7.099999999999999645e-01 1.000000000000000000e+00 3.000000000000000000e+00
1.934556433884881410e-01 1.000000000000000000e+00 1.000000000000000000e+00 3.000000000000000000e+00
4.090643107311876747e+00 7.600000000000000089e-01 1.000000000000000000e+00 3.000000000000000000e+00
1.242459631423845856e+00 9.599999999999999645e-01 1.000000000000000000e+00 3.000000000000000000e+00
2.134363362624547733e+00 8.199999999999999512e-01 1.000000000000000000e+00 3.000000000000000000e+00
1.273350962862821234e+00 7.800000000000000266e-01 1.000000000000000000e+00 3.000000000000000000e+00
2.194749184687482568e+01 2.200000000000000011e-01 4.500000000000000111e-01 3.000000000000000000e+00
1.432159540119570529e-01 1.000000000000000000e+00 1.000000000000000000e+00 3.000000000000000000e+00
1.650620639214437080e-01 1.000000000000000000e+00 1.000000000000000000e+00 3.000000000000000000e+00
6.038318984524400079e-01 9.000000000000000222e-01 1.000000000000000000e+00 3.000000000000000000e+00
2.957619372886026810e+01 1.300000000000000044e-01 2.999999999999999889e-01 3.000000000000000000e+00
1.474520897758429783e+01 2.300000000000000100e-01 6.199999999999999956e-01 3.000000000000000000e+00
9.950578088121771358e+00 2.999999999999999889e-01 6.199999999999999956e-01 3.000000000000000000e+00
5.868886406006242140e+01 1.199999999999999956e-01 2.099999999999999922e-01 3.000000000000000000e+00
9.116640599970204928e-02 1.000000000000000000e+00 1.000000000000000000e+00 3.000000000000000000e+00
7.573921342476225282e-01 8.900000000000000133e-01 1.000000000000000000e+00 3.000000000000000000e+00
3.104619271028609795e+00 4.299999999999999933e-01 7.199999999999999734e-01 3.000000000000000000e+00
1.351061384140451183e-01 1.000000000000000000e+00 1.000000000000000000e+00 3.000000000000000000e+00
6.442324292824828547e+00 3.300000000000000155e-01 8.800000000000000044e-01 3.000000000000000000e+00
2.891965307748453062e-01 1.000000000000000000e+00 1.000000000000000000e+00 3.000000000000000000e+00
6.839676170391000198e+01 8.999999999999999667e-02 2.200000000000000011e-01 3.000000000000000000e+00
5.766857436627329747e+00 4.899999999999999911e-01 7.299999999999999822e-01 3.000000000000000000e+00
3.275000574664321817e+00 3.499999999999999778e-01 8.299999999999999600e-01 3.000000000000000000e+00
5.602339265653250244e+00 4.099999999999999756e-01 9.300000000000000488e-01 3.000000000000000000e+00
1.531352397376340946e+01 3.099999999999999978e-01 5.200000000000000178e-01 3.000000000000000000e+00
3.709768890432137312e+01 1.700000000000000122e-01 3.400000000000000244e-01 3.000000000000000000e+00
1.160334502579991245e+01 4.199999999999999845e-01 6.199999999999999956e-01 3.000000000000000000e+00
6.509374816441689582e+00 3.099999999999999978e-01 5.899999999999999689e-01 3.000000000000000000e+00
4.710609111148435169e+00 4.699999999999999734e-01 7.299999999999999822e-01 3.000000000000000000e+00
2.932639054658149114e+00 5.300000000000000266e-01 8.399999999999999689e-01 3.000000000000000000e+00
1.220265193606547172e+02 4.000000000000000083e-02 7.000000000000000666e-02 3.000000000000000000e+00
4.508047028652844429e-02 1.000000000000000000e+00 1.000000000000000000e+00 3.000000000000000000e+00
5.985036426484239280e-01 1.000000000000000000e+00 1.000000000000000000e+00 3.000000000000000000e+00
4.170447936433291147e+00 3.800000000000000044e-01 6.300000000000000044e-01 3.000000000000000000e+00
3.180585582518510313e-01 1.000000000000000000e+00 1.000000000000000000e+00 3.000000000000000000e+00
8.007402523475978251e-01 8.699999999999999956e-01 1.000000000000000000e+00 3.000000000000000000e+00
3.274334041797698269e+00 3.699999999999999956e-01 1.000000000000000000e+00 3.000000000000000000e+00
1.443192472537192517e+00 8.199999999999999512e-01 1.000000000000000000e+00 3.000000000000000000e+00
1.613774136204673937e+01 3.599999999999999867e-01 1.000000000000000000e+00 3.000000000000000000e+00
8.821682901069639593e-01 8.599999999999999867e-01 1.000000000000000000e+00 3.000000000000000000e+00
2.076271411612100160e+00 5.500000000000000444e-01 8.000000000000000444e-01 3.000000000000000000e+00
5.628667844946027427e-02 1.000000000000000000e+00 1.000000000000000000e+00 3.000000000000000000e+00
8.997650868145795622e-01 9.000000000000000222e-01 1.000000000000000000e+00 3.000000000000000000e+00
8.348776374604078843e-01 9.499999999999999556e-01 1.000000000000000000e+00 3.000000000000000000e+00
8.177365699253498210e-01 8.599999999999999867e-01 9.799999999999999822e-01 4.000000000000000000e+00
2.025063746418142685e+00 6.500000000000000222e-01 8.399999999999999689e-01 4.000000000000000000e+00
6.110320553114436670e+00 5.000000000000000000e-01 6.800000000000000488e-01 4.000000000000000000e+00
5.428345760593692226e+00 5.100000000000000089e-01 7.199999999999999734e-01 4.000000000000000000e+00
6.835530448028718453e+00 3.099999999999999978e-01 4.699999999999999734e-01 4.000000000000000000e+00
4.694749415929450720e+00 5.799999999999999600e-01 8.100000000000000533e-01 4.000000000000000000e+00
3.940932633769765214e+00 3.499999999999999778e-01 1.000000000000000000e+00 4.000000000000000000e+00
8.043792963313176614e-01 1.000000000000000000e+00 1.000000000000000000e+00 4.000000000000000000e+00
6.657366901925085401e+00 3.900000000000000133e-01 6.199999999999999956e-01 4.000000000000000000e+00
9.154213650655307344e-01 9.399999999999999467e-01 1.000000000000000000e+00 4.000000000000000000e+00
2.201163744153319168e+00 7.099999999999999645e-01 1.000000000000000000e+00 4.000000000000000000e+00
4.968089671739556401e+00 3.099999999999999978e-01 6.800000000000000488e-01 4.000000000000000000e+00
2.531948554371181159e-01 1.000000000000000000e+00 1.000000000000000000e+00 4.000000000000000000e+00
3.872433902683429796e+00 6.700000000000000400e-01 1.000000000000000000e+00 4.000000000000000000e+00
4.605073764893644062e-01 1.000000000000000000e+00 1.000000000000000000e+00 4.000000000000000000e+00
6.741790415507053602e+00 4.299999999999999933e-01 1.000000000000000000e+00 4.000000000000000000e+00
4.186084620178773252e-01 1.000000000000000000e+00 1.000000000000000000e+00 4.000000000000000000e+00
5.855428276071531490e-01 1.000000000000000000e+00 1.000000000000000000e+00 4.000000000000000000e+00
3.436887871206761957e+01 2.099999999999999922e-01 2.999999999999999889e-01 4.000000000000000000e+00
1.043660402722922820e+00 5.899999999999999689e-01 1.000000000000000000e+00 4.000000000000000000e+00
1.330236118715971694e-01 1.000000000000000000e+00 1.000000000000000000e+00 4.000000000000000000e+00
1.056982099754308813e+01 3.699999999999999956e-01 7.199999999999999734e-01 4.000000000000000000e+00
4.338336370118523355e+00 5.899999999999999689e-01 7.600000000000000089e-01 4.000000000000000000e+00
4.543924609465025966e-01 1.000000000000000000e+00 1.000000000000000000e+00 4.000000000000000000e+00
9.476867098516443821e-01 9.100000000000000311e-01 9.399999999999999467e-01 4.000000000000000000e+00
1.318222750856563596e-01 1.000000000000000000e+00 1.000000000000000000e+00 4.000000000000000000e+00
2.783190394106958010e+00 7.600000000000000089e-01 1.000000000000000000e+00 4.000000000000000000e+00
6.083179161880776675e+00 5.100000000000000089e-01 9.399999999999999467e-01 4.000000000000000000e+00
8.401871070404385300e-01 1.000000000000000000e+00 1.000000000000000000e+00 4.000000000000000000e+00
1.271379226499309789e+00 8.499999999999999778e-01 1.000000000000000000e+00 4.000000000000000000e+00
9.185095328292558037e+00 3.800000000000000044e-01 1.000000000000000000e+00 4.000000000000000000e+00
7.071210370178119931e+00 2.700000000000000178e-01 4.199999999999999845e-01 4.000000000000000000e+00
1.177728912497866354e+01 2.099999999999999922e-01 2.600000000000000089e-01 4.000000000000000000e+00
1.658402343639357923e+01 3.200000000000000067e-01 5.600000000000000533e-01 4.000000000000000000e+00
1.191141335473232310e+00 8.399999999999999689e-01 1.000000000000000000e+00 4.000000000000000000e+00
2.207545362860817484e+00 4.799999999999999822e-01 6.199999999999999956e-01 4.000000000000000000e+00
7.339183214860420801e-01 1.000000000000000000e+00 1.000000000000000000e+00 4.000000000000000000e+00
8.117214424559958674e-01 9.799999999999999822e-01 1.000000000000000000e+00 4.000000000000000000e+00
2.032175370177741414e+00 5.600000000000000533e-01 8.399999999999999689e-01 4.000000000000000000e+00
5.763052697012940762e+00 2.800000000000000266e-01 3.599999999999999867e-01 4.000000000000000000e+00
1.032743864488102847e+00 9.000000000000000222e-01 1.000000000000000000e+00 4.000000000000000000e+00
1.724725408120342030e+00 8.100000000000000533e-01 1.000000000000000000e+00 4.000000000000000000e+00
1.270652771729510420e+02 2.000000000000000042e-02 8.000000000000000167e-02 4.000000000000000000e+00
7.068852094588994106e+00 3.499999999999999778e-01 5.500000000000000444e-01 4.000000000000000000e+00
1.683383910183578802e+00 7.500000000000000000e-01 9.399999999999999467e-01 4.000000000000000000e+00
5.736357322507296130e-01 9.799999999999999822e-01 1.000000000000000000e+00 4.000000000000000000e+00
7.549381385109542464e+01 5.000000000000000278e-02 1.300000000000000044e-01 4.000000000000000000e+00
8.753341576060749141e-01 9.599999999999999645e-01 1.000000000000000000e+00 4.000000000000000000e+00
2.036881463103562737e+02 2.000000000000000042e-02 4.000000000000000083e-02 4.000000000000000000e+00
7.702339526196784192e+00 3.400000000000000244e-01 4.199999999999999845e-01 4.000000000000000000e+00
1.538151835870447126e+00 8.499999999999999778e-01 1.000000000000000000e+00 4.000000000000000000e+00
3.283524950568928458e-01 1.000000000000000000e+00 1.000000000000000000e+00 4.000000000000000000e+00
1.783155643365684107e+00 7.199999999999999734e-01 1.000000000000000000e+00 4.000000000000000000e+00
6.407101329671889278e-01 9.000000000000000222e-01 1.000000000000000000e+00 4.000000000000000000e+00
1.867070264851097505e+01 2.500000000000000000e-01 3.599999999999999867e-01 4.000000000000000000e+00
3.108621681203715958e+00 6.300000000000000044e-01 1.000000000000000000e+00 4.000000000000000000e+00
7.507610325558518483e+00 4.799999999999999822e-01 5.999999999999999778e-01 4.000000000000000000e+00
5.138278298352320306e+00 5.699999999999999512e-01 1.000000000000000000e+00 4.000000000000000000e+00
2.561817922443825335e-01 1.000000000000000000e+00 1.000000000000000000e+00 4.000000000000000000e+00
5.083071624684317946e+00 3.900000000000000133e-01 5.100000000000000089e-01 4.000000000000000000e+00
1.020851211292721272e+00 7.299999999999999822e-01 1.000000000000000000e+00 4.000000000000000000e+00
4.043422021209811419e+02 2.000000000000000042e-02 7.000000000000000666e-02 4.000000000000000000e+00
6.369657871002869065e+00 2.500000000000000000e-01 1.000000000000000000e+00 4.000000000000000000e+00
1.440613549589123288e+01 2.999999999999999889e-01 5.200000000000000178e-01 4.000000000000000000e+00
3.458545989936330223e+00 4.299999999999999933e-01 1.000000000000000000e+00 4.000000000000000000e+00
2.337114091873146116e+00 8.599999999999999867e-01 1.000000000000000000e+00 4.000000000000000000e+00
1.404106274982306601e+01 1.799999999999999933e-01 2.700000000000000178e-01 4.000000000000000000e+00
1.039966966659435599e+01 2.700000000000000178e-01 4.099999999999999756e-01 4.000000000000000000e+00
9.441568417568321214e-01 1.000000000000000000e+00 1.000000000000000000e+00 4.000000000000000000e+00
7.145170586825938308e+00 4.299999999999999933e-01 8.599999999999999867e-01 4.000000000000000000e+00
7.848725905383533075e+01 1.199999999999999956e-01 4.799999999999999822e-01 4.000000000000000000e+00
7.559860877484346986e+00 3.099999999999999978e-01 4.199999999999999845e-01 4.000000000000000000e+00
1.311924838551179029e+01 4.600000000000000200e-01 1.000000000000000000e+00 4.000000000000000000e+00
2.358216797480793492e+00 5.799999999999999600e-01 6.700000000000000400e-01 4.000000000000000000e+00
1.080098390605003233e+00 9.699999999999999734e-01 1.000000000000000000e+00 4.000000000000000000e+00
4.228044635477320412e+01 2.300000000000000100e-01 3.099999999999999978e-01 4.000000000000000000e+00
3.093290126133587705e+02 5.000000000000000278e-02 1.100000000000000006e-01 4.000000000000000000e+00
5.943994518848579212e+00 3.099999999999999978e-01 4.799999999999999822e-01 4.000000000000000000e+00
7.520374578446415992e-01 1.000000000000000000e+00 1.000000000000000000e+00 4.000000000000000000e+00
1.967816125054943086e+02 8.999999999999999667e-02 1.300000000000000044e-01 4.000000000000000000e+00
1.891052110809241737e+00 6.999999999999999556e-01 8.699999999999999956e-01 4.000000000000000000e+00
4.983976998294870953e+00 6.800000000000000488e-01 1.000000000000000000e+00 4.000000000000000000e+00
3.264188575659089153e+00 4.500000000000000111e-01 6.700000000000000400e-01 4.000000000000000000e+00
3.468776574448713568e+00 4.799999999999999822e-01 9.899999999999999911e-01 4.000000000000000000e+00
2.291382549954820158e-01 1.000000000000000000e+00 1.000000000000000000e+00 4.000000000000000000e+00
1.445365272936241929e+01 2.300000000000000100e-01 3.400000000000000244e-01 4.000000000000000000e+00
1.210455598116246811e+00 7.900000000000000355e-01 8.000000000000000444e-01 4.000000000000000000e+00
5.945179263964474714e+00 5.600000000000000533e-01 1.000000000000000000e+00 4.000000000000000000e+00
5.404380486268183148e+01 1.700000000000000122e-01 2.899999999999999800e-01 4.000000000000000000e+00
2.709837188367588023e+00 5.799999999999999600e-01 1.000000000000000000e+00 4.000000000000000000e+00
1.004205603108232925e+00 8.000000000000000444e-01 8.299999999999999600e-01 4.000000000000000000e+00
3.814250511036386371e+01 1.000000000000000056e-01 1.700000000000000122e-01 4.000000000000000000e+00
6.277057349328563074e-02 1.000000000000000000e+00 1.000000000000000000e+00 4.000000000000000000e+00
5.543420321181837807e+00 3.699999999999999956e-01 5.500000000000000444e-01 4.000000000000000000e+00
2.865987154660883718e+01 2.099999999999999922e-01 2.999999999999999889e-01 4.000000000000000000e+00
9.652966647079594398e-02 1.000000000000000000e+00 1.000000000000000000e+00 4.000000000000000000e+00
1.829011430009344608e+01 1.300000000000000044e-01 3.099999999999999978e-01 4.000000000000000000e+00
6.363210188815437984e-01 9.899999999999999911e-01 1.000000000000000000e+00 4.000000000000000000e+00
7.214476286342418554e+00 3.200000000000000067e-01 4.299999999999999933e-01 4.000000000000000000e+00
1.394882802838318128e+02 5.000000000000000278e-02 8.000000000000000167e-02 4.000000000000000000e+00
