1.322561938024044148e-01
8.841900093957601181e-02
1.345585442353716410e-01
4.908593998090168831e-03
5.982552346844740784e-03
1.121737903120069574e-01
8.903714559491407443e-02
5.089363678672998575e-02
3.051066455448128018e-02
6.048985700233086571e-02
2.000000000000000389e-02
4.062777270969329946e-01
1.004099312126003757e-01
9.906453621084095051e-02
1.995005996886207722e-01
1.009922341380722066e-01
2.974575635841348320e-01
4.067844775183232509e-02
6.030014353436090324e-02
4.148822691512518701e-01
4.000000000000000777e-02
3.116639918913334806e-01
4.887346309622944696e-01
4.821369290440210426e-02
2.000000000000000389e-02
1.199999999999995829e-04
8.000000000000003636e-03
6.751695421825246735e-01
4.725007570502249288e-01
8.195457276002509062e-01
6.630149215211132881e-03
5.925050128832632934e-01
2.219195129126419752e-01
2.395295042752364711e+00
1.622246807339627672e+00
1.028417093699437901e+00
3.887120447939721224e+00
1.750723651862965635e+00
2.054638709107558636e+00
5.035182805054693178e-01
5.004074015023249888e-01
1.926546280203624395e+00
2.046120464842356323e+00
1.041945930081592531e+00
5.116081863783531469e-01
2.083103610873414890e+00
2.042573707195110000e+00
4.895105623244535020e-01
3.052259904035087068e+00
1.019723876219935210e+00
9.837758765069991584e-01
1.976734856486997427e-01
2.000000000000000000e+00
4.000000000000000951e-03
1.000000000000000021e-03
1.000000000000000000e+00
1.000000000000000056e-01
4.000000000000000222e-01
4.000000000000000222e-01
4.000000000000000222e-01
4.000000000000000222e-01
4.000000000000000222e-01
4.000000000000000777e-02
4.999999999999999584e-02
4.000000000000000222e-01
2.000000000000000389e-01
5.999999999999999778e-01
1.600000000000000089e+00
8.000000000000000444e-01
4.000000000000000222e-01
4.999999999999999584e-02
2.000000000000000475e-03
8.000000000000000444e-01
1.500000000000000465e-03
2.000000000000000389e-01
4.000000000000000222e-01
3.000000000000007191e-05
2.999999999999999645e+01
7.999999999999995737e+01
7.999999999999995737e+01
5.999999999999997158e+01
3.999999999999997158e+01
1.000000000000000000e+02
1.999999999999996135e+03
2.000000000000000284e+02
1.000000000000000000e+03
1.500000000000000455e+03
3.000000000000007276e+03
2.000000000000000284e+02
4.000000000000000909e+03
1.000000000000000000e+03
2.000000000000000284e+02
3.999999999999997158e+01
4.000000000000001137e+02
2.000000000000000284e+02
1.000000000000000000e+02
2.000000000000000284e+02
1.000000000000000000e+02
1.000000000000000000e+02
2.499999999999999432e+02
1.500000000000000284e+02
1.000000000000000000e+01
1.000000000000000000e+01
1.000000000000000000e+01
1.000000000000000000e+01
1.000000000000000000e+01
1.000000000000000000e+01
4.000000000000000777e-02
7.999999999999995737e+01
7.999999999999995737e+01
3.999999999999997158e+01
3.999999999999997158e+01
7.999999999999995737e+01
7.999999999999995737e+01
2.999999999999999645e+01
2.999999999999999645e+01
2.999999999999999645e+01
1.500000000000000455e+03
1.500000000000000455e+03
1.500000000000000455e+03
1.000000000000000000e+02
7.999999999999995737e+01
7.999999999999995737e+01
1.000000000000000000e+02
1.000000000000000000e+02
7.999999999999995737e+01
7.999999999999995737e+01
7.999999999999995737e+01
1.786191295029762316e-01
1.931135137226389353e-01
3.710306175863111733e-01
1.704398279268493632e-01
1.000000000000000021e-03
1.000000000000000000e+00
1.000000000000000056e-01
1.000000000000000056e-01
1.000000000000000056e-01
2.000000000000000355e+01
2.000000000000000355e+01
2.000000000000000389e-01
2.000000000000000389e-01
5.999999999999999778e-01
1.000000000000000056e-01
4.999999999999999584e-02
2.000000000000000389e-02
5.000000000000000000e-01
5.000000000000000888e+00
5.000000000000000888e+00
5.000000000000000888e+00
1.000000000000000000e+01
1.198612228136714669e-02
1.500000000000000455e+03
1.000000000000000000e+01
4.166666666666667407e-01
2.500000000000000000e-01
1.100000000000000888e+01
6.000000000000000000e+00
1.200000000000000178e+01
7.999999999999999112e+00
1.892391390274443877e-02
1.058489130327766418e-02
