1.094768703560845130e-01
1.070978268278540285e-01
1.159225139554147660e-01
5.396461929516725708e-03
4.868066166602917980e-03
9.025245291420282145e-02
9.773368580599817168e-02
4.916402056210531640e-02
2.959807083575491035e-02
5.994266048091748816e-02
2.000000000000000389e-02
3.933338896262071338e-01
1.002818484510714647e-01
9.981513846490677744e-02
2.036806965787363588e-01
9.760552090937636704e-02
2.983857340764189958e-01
3.799398139882990966e-02
5.767431091838329249e-02
4.041244583753905717e-01
4.000000000000000777e-02
2.989193918411603423e-01
5.086275073348138775e-01
5.008028770231746224e-02
2.000000000000000389e-02
1.199999999999997049e-04
8.000000000000003636e-03
3.753199934413631866e-01
4.545043556227418846e-01
4.832552488547936509e-01
6.000188064221961999e-03
4.273393060687646905e-01
2.209988027573972780e-01
2.160636244595175004e+00
1.537811279293233024e+00
9.821672754318852006e-01
4.008923964960261266e+00
2.071009478155874994e+00
1.949531522899498270e+00
5.068207155112925966e-01
4.844545378272885894e-01
1.934464337102339782e+00
1.998255884470203636e+00
1.002367130671170115e+00
5.072735265367909196e-01
1.954574215058759945e+00
1.963089895577418309e+00
4.881806656785911414e-01
3.032708668561469256e+00
9.940174427644328237e-01
1.013431734395819239e+00
1.974468352130338833e-01
2.000000000000000000e+00
4.000000000000000951e-03
1.000000000000000021e-03
1.000000000000000000e+00
1.000000000000000056e-01
4.000000000000000222e-01
4.000000000000000222e-01
4.000000000000000222e-01
4.000000000000000222e-01
4.000000000000000222e-01
4.000000000000000777e-02
4.999999999999999584e-02
4.000000000000000222e-01
2.000000000000000389e-01
5.999999999999999778e-01
1.599999999999999867e+00
8.000000000000000444e-01
4.000000000000000222e-01
4.999999999999999584e-02
2.000000000000000475e-03
8.000000000000000444e-01
1.500000000000000465e-03
2.000000000000000389e-01
4.000000000000000222e-01
3.000000000000001092e-05
2.999999999999999645e+01
7.999999999999991473e+01
7.999999999999991473e+01
5.999999999999997158e+01
3.999999999999999289e+01
1.000000000000000000e+02
1.999999999999998181e+03
2.000000000000000284e+02
1.000000000000000000e+03
1.500000000000000455e+03
2.999999999999998181e+03
2.000000000000000284e+02
4.000000000000000909e+03
1.000000000000000000e+03
2.000000000000000284e+02
3.999999999999999289e+01
4.000000000000001137e+02
2.000000000000000284e+02
1.000000000000000000e+02
2.000000000000000284e+02
1.000000000000000000e+02
1.000000000000000000e+02
2.499999999999999432e+02
1.500000000000000284e+02
1.000000000000000000e+01
1.000000000000000000e+01
1.000000000000000000e+01
1.000000000000000000e+01
1.000000000000000000e+01
1.000000000000000000e+01
4.000000000000000777e-02
7.999999999999991473e+01
7.999999999999991473e+01
3.999999999999999289e+01
3.999999999999999289e+01
7.999999999999991473e+01
7.999999999999991473e+01
2.999999999999999645e+01
2.999999999999999645e+01
2.999999999999999645e+01
1.500000000000000455e+03
1.500000000000000455e+03
1.500000000000000455e+03
1.000000000000000000e+02
7.999999999999991473e+01
7.999999999999991473e+01
1.000000000000000000e+02
1.000000000000000000e+02
7.999999999999991473e+01
7.999999999999991473e+01
7.999999999999991473e+01
2.148753582459688449e-01
2.031900249624409016e-01
3.811117003106856971e-01
1.880706239648022027e-01
1.000000000000000021e-03
1.000000000000000000e+00
1.000000000000000056e-01
1.000000000000000056e-01
1.000000000000000056e-01
2.000000000000000355e+01
2.000000000000000355e+01
2.000000000000000389e-01
2.000000000000000389e-01
5.999999999999999778e-01
1.000000000000000056e-01
4.999999999999999584e-02
2.000000000000000389e-02
5.000000000000000000e-01
5.000000000000000888e+00
5.000000000000000888e+00
5.000000000000000888e+00
1.000000000000000000e+01
1.089450004662622859e-02
1.500000000000000455e+03
1.000000000000000000e+01
4.166666666666667407e-01
2.500000000000000000e-01
1.100000000000000178e+01
6.000000000000000000e+00
1.200000000000000711e+01
7.999999999999999112e+00
2.089920916974283283e-02
8.273391405067640619e-03
