1.018905397742778662e-01
1.017286327832895021e-01
2.530395137968832753e-02
3.956885068313802795e-03
4.931374520978274931e-03
8.018703084717378193e-02
1.060769641690017528e-01
4.899196994136875705e-02
3.023325452174695574e-02
6.174551237138459214e-02
2.000000000000000389e-02
4.147603076971979053e-01
9.675771351733616910e-02
9.935642049221493632e-02
1.891576690219155532e-01
9.478949138350294124e-02
3.698288026329080158e-01
3.657554959168633768e-02
6.076494063542447338e-02
4.207002452653544888e-01
4.000000000000000777e-02
3.049265297819366838e-01
4.732790945145849970e-01
4.611628569490942853e-02
2.000000000000000389e-02
1.199999999999998269e-04
8.000000000000003636e-03
3.564452853659406673e-01
4.049968881080041605e-01
3.228790280098967069e-01
6.068761602211258932e-03
3.221421314752708209e-01
2.165458640766497189e-01
1.514000942617507617e+00
1.431832008437787129e+00
1.020740074728011537e+00
3.814805591462054224e+00
2.025880777451403159e+00
1.880948071507233976e+00
5.078290918695104184e-01
5.418253579603063974e-01
1.894789590973234406e+00
2.067306943357632765e+00
1.022904643795837787e+00
4.790739822614211718e-01
1.910035615073723658e+00
1.972621917135234604e+00
4.985062693225484343e-01
3.109833869295354880e+00
1.022050741863939960e+00
9.238290538625238968e-01
1.921303678526814218e-01
2.000000000000000000e+00
4.000000000000000951e-03
1.000000000000000021e-03
1.000000000000000000e+00
1.000000000000000056e-01
4.000000000000000777e-01
4.000000000000000777e-01
4.000000000000000777e-01
4.000000000000000777e-01
4.000000000000000777e-01
4.000000000000000777e-02
4.999999999999999584e-02
4.000000000000000777e-01
2.000000000000000389e-01
5.999999999999998668e-01
1.600000000000000089e+00
8.000000000000000444e-01
4.000000000000000777e-01
4.999999999999999584e-02
1.999999999999998307e-03
8.000000000000000444e-01
1.500000000000000465e-03
2.000000000000000389e-01
4.000000000000000777e-01
3.000000000000007191e-05
2.999999999999999645e+01
7.999999999999998579e+01
7.999999999999998579e+01
6.000000000000000000e+01
3.999999999999999289e+01
1.000000000000000000e+02
1.999999999999998181e+03
1.999999999999998295e+02
1.000000000000000000e+03
1.500000000000000455e+03
3.000000000000004093e+03
1.999999999999998295e+02
4.000000000000000909e+03
1.000000000000000000e+03
1.999999999999998295e+02
3.999999999999999289e+01
4.000000000000001137e+02
1.999999999999998295e+02
1.000000000000000000e+02
1.999999999999998295e+02
1.000000000000000000e+02
1.000000000000000000e+02
2.499999999999999432e+02
1.500000000000000284e+02
1.000000000000000000e+01
1.000000000000000000e+01
1.000000000000000000e+01
1.000000000000000000e+01
1.000000000000000000e+01
1.000000000000000000e+01
4.000000000000000777e-02
7.999999999999998579e+01
7.999999999999998579e+01
3.999999999999999289e+01
3.999999999999999289e+01
7.999999999999998579e+01
7.999999999999998579e+01
2.999999999999999645e+01
2.999999999999999645e+01
2.999999999999999645e+01
1.500000000000000455e+03
1.500000000000000455e+03
1.500000000000000455e+03
1.000000000000000000e+02
7.999999999999998579e+01
7.999999999999998579e+01
1.000000000000000000e+02
1.000000000000000000e+02
7.999999999999998579e+01
7.999999999999998579e+01
7.999999999999998579e+01
2.005073710982764323e-01
3.996403531472183523e-01
6.513026448998159301e-01
1.150274494163369965e-01
1.000000000000000021e-03
1.000000000000000000e+00
1.000000000000000056e-01
1.000000000000000056e-01
1.000000000000000056e-01
2.000000000000000355e+01
2.000000000000000355e+01
2.000000000000000389e-01
2.000000000000000389e-01
5.999999999999998668e-01
1.000000000000000056e-01
4.999999999999999584e-02
2.000000000000000389e-02
5.000000000000000000e-01
5.000000000000000888e+00
5.000000000000000888e+00
5.000000000000000888e+00
1.000000000000000000e+01
7.831881000438084203e-03
1.500000000000000455e+03
1.000000000000000000e+01
4.166666666666666852e-01
2.500000000000000000e-01
1.100000000000000888e+01
6.000000000000001776e+00
1.200000000000000178e+01
8.000000000000001776e+00
1.823622294829246177e-02
6.650279264188844672e-03
