1.005039314241813753e-01
1.090991167605105533e-01
9.354921424478376824e-02
3.879406051988399003e-03
4.241050917358145725e-03
9.469924068053840738e-02
1.034937412631883880e-01
5.046730742862915592e-02
3.101585670053191857e-02
5.874647560901723187e-02
2.000000000000001429e-02
3.982819117568887068e-01
1.084709403309029457e-01
1.001906551748708851e-01
2.123356617754955933e-01
1.002110016391068864e-01
2.998243651902718354e-01
3.719319711805409157e-02
6.127611804586074323e-02
4.146607763455337214e-01
4.000000000000000777e-02
3.071264590245598725e-01
5.042289673351799673e-01
5.041618153538073022e-02
2.000000000000001429e-02
1.199999999999998269e-04
8.000000000000003636e-03
2.396475869664262126e-01
3.546377562630178559e-01
3.043988457993739849e-01
6.225152248653298762e-03
2.522680552873826088e-01
2.225816542634526662e-01
1.820148525095864667e+00
1.482592750469872156e+00
1.009286106635606250e+00
4.326918199642365792e+00
2.123941722636289775e+00
1.954094809439250069e+00
4.859484590478165833e-01
5.173534404943085363e-01
2.005656558895508201e+00
1.940871850991722214e+00
9.844000724759622845e-01
5.163565346702647663e-01
1.991068493162769570e+00
1.939891382505438466e+00
5.037294680702082417e-01
2.880722375910828248e+00
1.011652658268089366e+00
1.032420861149183411e+00
1.972724996900043493e-01
2.000000000000000000e+00
4.000000000000000951e-03
1.000000000000000021e-03
1.000000000000000000e+00
1.000000000000000056e-01
4.000000000000000777e-01
4.000000000000000777e-01
4.000000000000000777e-01
4.000000000000000777e-01
4.000000000000000777e-01
4.000000000000000777e-02
4.999999999999999584e-02
4.000000000000000777e-01
2.000000000000000389e-01
5.999999999999998668e-01
1.600000000000000089e+00
8.000000000000000444e-01
4.000000000000000777e-01
4.999999999999999584e-02
1.999999999999998307e-03
8.000000000000000444e-01
1.499999999999998730e-03
2.000000000000000389e-01
4.000000000000000777e-01
3.000000000000001092e-05
2.999999999999999645e+01
7.999999999999998579e+01
7.999999999999998579e+01
6.000000000000000000e+01
3.999999999999999289e+01
1.000000000000000000e+02
1.999999999999998181e+03
2.000000000000000284e+02
1.000000000000000000e+03
1.499999999999998863e+03
3.000000000000004093e+03
2.000000000000000284e+02
4.000000000000005002e+03
1.000000000000000000e+03
2.000000000000000284e+02
3.999999999999999289e+01
4.000000000000001137e+02
2.000000000000000284e+02
1.000000000000000000e+02
2.000000000000000284e+02
1.000000000000000000e+02
1.000000000000000000e+02
2.499999999999999432e+02
1.500000000000000284e+02
1.000000000000000000e+01
1.000000000000000000e+01
1.000000000000000000e+01
1.000000000000000000e+01
1.000000000000000000e+01
1.000000000000000000e+01
4.000000000000000777e-02
7.999999999999998579e+01
7.999999999999998579e+01
3.999999999999999289e+01
3.999999999999999289e+01
7.999999999999998579e+01
7.999999999999998579e+01
2.999999999999999645e+01
2.999999999999999645e+01
2.999999999999999645e+01
1.499999999999998863e+03
1.499999999999998863e+03
1.499999999999998863e+03
1.000000000000000000e+02
7.999999999999998579e+01
7.999999999999998579e+01
1.000000000000000000e+02
1.000000000000000000e+02
7.999999999999998579e+01
7.999999999999998579e+01
7.999999999999998579e+01
1.842301059429136134e-01
2.589063304578329006e-01
3.405717386478626652e-01
1.762801067573427638e-01
1.000000000000000021e-03
1.000000000000000000e+00
1.000000000000000056e-01
1.000000000000000056e-01
1.000000000000000056e-01
2.000000000000000355e+01
2.000000000000000355e+01
2.000000000000000389e-01
2.000000000000000389e-01
5.999999999999998668e-01
1.000000000000000056e-01
4.999999999999999584e-02
2.000000000000001429e-02
5.000000000000000000e-01
5.000000000000000888e+00
5.000000000000000888e+00
5.000000000000000888e+00
1.000000000000000000e+01
1.051622017248464436e-02
1.499999999999998863e+03
1.000000000000000000e+01
4.166666666666667407e-01
2.500000000000000000e-01
1.100000000000000888e+01
6.000000000000001776e+00
1.200000000000000178e+01
8.000000000000001776e+00
2.077026224709729862e-02
6.957817794198772540e-03
